# Blender v2.93.0 OBJ File: 'untitled.blend'
# www.blender.org
mtllib piranha3obj.mtl
o model_16.001
v 5.049510 -2.790263 -5.271448
v 5.045109 -2.632463 -5.302848
v 5.422410 -2.670363 -5.364548
v 5.360309 -2.769963 -5.032048
v 5.293509 -0.380063 -5.023648
v 5.503709 -0.374563 -4.932048
v 5.335209 -1.007263 -5.250648
v 5.021810 -1.150063 -5.469648
v 5.191710 1.253937 -2.797148
v 5.335209 1.311737 -2.797148
v 5.335209 0.555237 -4.664048
v 5.191710 0.604137 -4.710048
v 6.094609 -0.944063 -5.136348
v 7.921410 -1.752488 -4.336755
v 8.081409 -2.123663 -4.392648
v 6.066509 -2.243863 -5.090748
v 7.844509 0.032028 -4.074965
v 8.035810 -0.829163 -4.238648
v 6.263209 -0.451663 -4.843548
v 6.094609 0.452937 -4.682748
v 5.289709 -2.596163 -5.484348
v 5.334309 -1.142863 -5.667948
v 5.606109 -0.287063 -5.177649
v 5.504210 0.749237 -4.920548
v 4.699609 -2.552163 -5.591148
v 4.979809 -1.069663 -5.667948
v 5.176109 -0.213863 -5.177649
v 5.087409 0.822337 -4.920548
v 3.517409 -2.556663 -5.661348
v 3.794809 -2.617763 -6.004248
v 4.140609 -1.185763 -6.127948
v 3.970409 -1.024763 -5.667948
v 4.629609 -0.168963 -5.177649
v 4.696109 -0.366063 -5.483849
v 4.696963 0.902136 -4.438865
v 4.766550 0.818236 -4.858869
v 2.351109 -2.385063 -6.004248
v 2.655609 -1.140763 -6.139548
v 3.186509 -0.309963 -5.488948
v 3.309209 0.913937 -4.157057
v 1.092409 -2.395863 -5.641149
v 1.489009 -1.315363 -5.754548
v 1.903909 -0.643863 -5.176949
v 2.044965 0.388037 -3.618558
v -1.136606 -2.448363 -4.742672
v -0.439076 -1.605663 -4.821987
v -0.618341 -1.201963 -4.358485
v 2.013609 1.383037 -2.797148
v -0.969169 -0.362363 -3.218686
v -0.266321 0.198737 -2.797148
v -2.271095 -2.537663 -3.627643
v -1.863453 -2.350963 -3.603608
v -1.895303 -2.120627 -3.518991
v -2.309619 -1.859063 -3.228018
v -2.538658 -1.760563 -2.797148
v 7.805209 -2.192663 -4.265048
v 7.286909 -1.878963 -4.099348
v 7.275209 -2.028163 -4.065848
v 7.309509 -0.305063 -3.808948
v 7.476810 -0.850263 -4.148048
v 7.666409 0.822727 -2.797148
v 7.171609 0.093237 -2.797148
v 7.348909 -1.085963 -4.277548
v 9.200609 -1.613963 -3.744548
v 9.194309 -1.940663 -3.681748
v 9.635509 -0.571198 -3.455748
v 9.638009 -1.023163 -3.658348
v 9.639368 -0.242383 -2.797148
v 9.636109 -1.209763 -3.728248
v 9.064309 -1.587063 -3.524948
v 9.064209 -1.670163 -3.508948
v 9.064610 -0.710763 -3.385948
v 9.066409 -1.011563 -3.552748
v 9.321209 -0.357563 -2.797148
v 9.062809 -0.451963 -2.797148
v 9.065009 -1.145563 -3.610248
v 12.370709 -1.112663 -2.797148
v 6.077209 -2.313363 -4.988648
v 7.523510 -2.802563 -4.649148
v 6.738916 -2.825188 -6.078581
v 5.666658 -3.525963 -6.373291
v 2.293809 -2.619263 -5.978848
v 3.724609 -2.895463 -5.978848
v 3.302539 -3.427763 -6.966560
v 0.973438 -3.342763 -6.600563
v 1.017809 -2.599263 -5.619848
v -0.895990 -3.488263 -6.168622
v -3.193551 -2.680363 -2.797148
v 5.399409 -3.134463 -4.901748
v 5.111109 -3.085063 -5.105348
v 5.179909 -3.183963 -5.237248
v 5.281309 -2.869763 -5.449848
v 4.197809 -2.835863 -5.604348
v 4.160609 -3.184463 -5.356648
v 3.427709 -3.204263 -5.400848
v 3.432109 -2.845063 -5.660048
v 3.587109 -3.377863 -5.654148
v 1.020010 -3.045263 -5.368848
v -0.382576 -2.985063 -4.635162
v -1.267742 -2.606963 -4.727696
v -1.410038 -2.944763 -3.678301
v -2.348145 -2.648263 -3.632080
v 7.063009 -2.452163 -4.133948
v 7.414509 -2.607163 -4.278448
v 8.947309 -2.405863 -3.685448
v 8.710209 -2.122463 -3.605248
v 12.347509 -1.132463 -2.797148
v 11.040114 -1.803563 -2.797148
v 7.238009 -3.165163 -4.597548
v 6.032336 -3.831163 -6.177755
v 6.432842 -3.296663 -6.302932
v 5.703099 -3.698763 -6.948327
v 1.972325 -3.136536 -6.316419
v 3.447871 -3.292663 -6.656001
v -1.634178 -2.912863 -2.797148
v -3.099693 -2.687563 -2.797148
v 5.322809 -3.390063 -4.789748
v 5.329109 -3.278663 -4.511348
v 5.047809 -3.144763 -4.603348
v 5.085609 -3.297663 -4.943348
v 5.092409 -3.312563 -4.667048
v 5.107509 -3.430963 -5.026348
v 4.181910 -3.422663 -5.106448
v 4.239009 -3.350663 -4.732948
v 3.652509 -3.397863 -4.763448
v 3.561709 -3.447563 -5.137248
v 3.590809 -3.644463 -4.938248
v 3.608209 -3.686463 -5.313648
v 0.979009 -3.268363 -4.708748
v 1.453109 -3.368963 -5.115048
v 1.517109 -3.296763 -4.741448
v 1.013909 -3.147263 -4.338848
v 0.617909 -3.175663 -3.905648
v 0.656109 -3.099663 -3.543048
v 6.606709 -2.832863 -4.255148
v 6.590009 -2.715663 -3.889348
v 6.874609 -2.953363 -4.001348
v 6.893909 -3.049763 -4.343548
v 8.236109 -2.821163 -3.881348
v 8.256809 -2.734763 -3.302348
v 8.114710 -2.464863 -2.797148
v 8.170910 -2.522463 -2.797148
v 7.952809 -2.563463 -3.872648
v 10.236609 -2.300063 -3.137048
v 11.125813 -1.954263 -2.797148
v 6.721509 -3.293063 -4.209248
v 6.708709 -3.415563 -4.577848
v 5.820409 -3.959863 -5.500648
v 5.810909 -3.832363 -4.965248
v 5.966909 -3.399563 -4.866348
v 5.977809 -3.523063 -5.241148
v 3.223809 -3.717163 -5.459249
v 3.227009 -3.819663 -5.879548
v 1.318909 -3.347263 -5.916748
v 1.350709 -3.434463 -5.523149
v 2.200609 -3.326063 -5.742348
v 2.176709 -3.237863 -6.137948
v 0.527009 -3.095163 -2.800848
v 0.594810 -3.070863 -2.797148
v 0.516109 -3.092663 -2.797148
v 5.202109 -3.094363 -4.153548
v 5.101709 -3.728663 -2.797148
v 4.862309 -3.590463 -2.797148
v 4.907310 -2.924763 -4.141848
v 4.976209 -3.112363 -4.166848
v 4.918209 -3.743863 -2.797148
v 4.374310 -3.209963 -4.201048
v 4.429709 -3.824463 -2.797148
v 4.075809 -3.882863 -2.797148
v 3.937909 -3.280663 -4.225948
v 4.149009 -4.061563 -2.797148
v 3.732809 -3.495263 -4.367948
v 2.136509 -3.165163 -4.207948
v 2.818309 -3.645563 -2.797148
v 2.228009 -3.614063 -2.797148
v 1.679309 -2.971963 -3.880848
v 1.388509 -2.996963 -3.234148
v 1.903009 -3.541763 -2.797148
v 6.442209 -2.847063 -3.641548
v 6.210909 -2.621263 -3.515548
v 5.943209 -3.288663 -2.797148
v 6.126709 -3.491163 -2.797148
v 7.546109 -2.720563 -2.797148
v 6.361310 -3.090463 -3.775448
v 6.054209 -3.703263 -2.797148
v 5.577709 -3.528763 -4.162248
v 5.406610 -4.081763 -2.797148
v 5.507710 -3.801863 -2.797148
v 5.704409 -3.176963 -4.309448
v 3.685509 -4.049463 -2.797148
v 3.449909 -3.469263 -4.734148
v 1.953009 -3.505863 -4.825048
v 2.479709 -4.080863 -2.797148
v 3.038509 -4.012863 -2.797148
v 2.643709 -3.417763 -5.003148
v 4.270109 -2.553663 -5.614449
v 4.653909 -1.054763 -5.667948
v 4.915409 -0.198963 -5.177649
v 4.563009 1.649237 -2.797148
v 4.913209 1.619237 -2.797148
v 4.913209 0.837237 -4.920548
v 4.646810 -2.831163 -5.576648
v 4.737309 -3.354463 -5.334548
v 4.777709 -3.694563 -5.091148
v 4.712609 -3.507163 -4.717748
v 4.591409 -3.174763 -4.188748
v 4.605809 -3.795463 -2.797148
v 5.080709 1.619837 -2.797148
v 7.866809 -2.736963 -2.797148
v 1.352609 -3.006563 -2.797148
v 6.094609 1.222637 -2.797148
v 5.497609 1.625837 -2.797148
v 4.801482 1.800835 -2.797148
v 3.326609 1.653363 -2.797148
v 2.030909 1.390837 -2.797148
v 5.049510 -2.790263 -0.322848
v 5.360309 -2.769963 -0.562248
v 5.422410 -2.670363 -0.229748
v 5.045109 -2.632463 -0.291448
v 5.293509 -0.380063 -0.570648
v 5.021810 -1.150063 -0.124648
v 5.335209 -1.007263 -0.343648
v 5.503709 -0.374563 -0.662248
v 5.191710 0.604137 -0.884248
v 5.335209 0.555237 -0.930248
v 6.094609 -0.944063 -0.457948
v 6.066509 -2.243863 -0.503548
v 8.081409 -2.123663 -1.201648
v 7.921410 -1.752488 -1.257541
v 7.844509 0.032028 -1.519332
v 6.094609 0.452937 -0.911548
v 6.263209 -0.451663 -0.750748
v 8.035810 -0.829163 -1.355648
v 5.334309 -1.142863 0.073652
v 5.289709 -2.596163 -0.109948
v 5.606109 -0.287063 -0.416648
v 5.504210 0.749237 -0.673748
v 4.979809 -1.069663 0.073652
v 4.699609 -2.552163 -0.003148
v 5.176109 -0.213863 -0.416648
v 5.087409 0.822337 -0.673748
v 3.517409 -2.556663 0.067052
v 3.970409 -1.024763 0.073652
v 4.140609 -1.185763 0.533652
v 3.794809 -2.617763 0.409952
v 4.629609 -0.168963 -0.416648
v 4.696109 -0.366063 -0.110448
v 4.696963 0.902136 -1.155432
v 4.766550 0.818236 -0.735428
v 2.655609 -1.140763 0.545252
v 2.351109 -2.385063 0.409952
v 3.186509 -0.309963 -0.105348
v 3.309209 0.913937 -1.437240
v 1.489009 -1.315363 0.160252
v 1.092409 -2.395863 0.046852
v 1.903909 -0.643863 -0.417348
v 2.044965 0.388037 -1.975738
v -0.439076 -1.605663 -0.772310
v -1.136606 -2.448363 -0.851624
v -0.618341 -1.201963 -1.235811
v -0.969169 -0.362363 -2.375611
v -1.863453 -2.350963 -1.990689
v -2.271095 -2.537663 -1.966654
v -1.895303 -2.120627 -2.075305
v -2.309619 -1.859063 -2.366278
v 7.805209 -2.192663 -1.329248
v 7.275209 -2.028163 -1.528448
v 7.286909 -1.878963 -1.494948
v 7.476810 -0.850263 -1.446248
v 7.309509 -0.305063 -1.785348
v 7.348909 -1.085963 -1.316748
v 9.194309 -1.940663 -1.912548
v 9.200609 -1.613963 -1.849748
v 9.638009 -1.023163 -1.935948
v 9.635509 -0.571198 -2.138548
v 9.636109 -1.209763 -1.866048
v 9.064209 -1.670163 -2.085348
v 9.064309 -1.587063 -2.069348
v 9.066409 -1.011563 -2.041548
v 9.064610 -0.710763 -2.208348
v 9.065009 -1.145563 -1.984048
v 6.077209 -2.313363 -0.605648
v 6.738916 -2.825188 0.484284
v 7.523510 -2.802563 -0.945148
v 5.666658 -3.525963 0.778994
v 2.293809 -2.619263 0.384552
v 0.973438 -3.342763 1.006266
v 3.302539 -3.427763 1.372263
v 3.724609 -2.895463 0.384552
v 1.017809 -2.599263 0.025552
v -0.895990 -3.488263 0.574326
v 5.111109 -3.085063 -0.488948
v 5.399409 -3.134463 -0.692548
v 5.281309 -2.869763 -0.144448
v 5.179909 -3.183963 -0.357048
v 4.197809 -2.835763 0.010052
v 3.432109 -2.845063 0.065752
v 3.427709 -3.204263 -0.193448
v 4.160609 -3.184463 -0.237648
v 3.587109 -3.377863 0.059852
v -1.267742 -2.606963 -0.866600
v -0.382576 -2.985063 -0.959134
v 1.020010 -3.045263 -0.225448
v -2.348145 -2.648263 -1.962217
v -1.410038 -2.944763 -1.915996
v 7.414509 -2.607163 -1.315848
v 7.063009 -2.452163 -1.460348
v 8.947309 -2.405863 -1.908848
v 8.710209 -2.122463 -1.989048
v 7.238009 -3.165163 -0.996748
v 6.032336 -3.831163 0.583459
v 6.432842 -3.296663 0.708636
v 5.703099 -3.698763 1.354031
v 1.972325 -3.136536 0.722123
v 3.447871 -3.292663 1.061704
v 5.322809 -3.390063 -0.804548
v 5.085609 -3.297663 -0.650948
v 5.047809 -3.144763 -0.990948
v 5.329109 -3.278663 -1.082948
v 5.107509 -3.430963 -0.567948
v 5.092409 -3.312563 -0.927248
v 4.181910 -3.422663 -0.487848
v 3.561709 -3.447563 -0.457048
v 3.652509 -3.397863 -0.830848
v 4.239009 -3.350663 -0.861348
v 3.608209 -3.686463 -0.280648
v 3.590809 -3.644463 -0.656048
v 0.979009 -3.268363 -0.885548
v 1.013909 -3.147263 -1.255448
v 1.517109 -3.296763 -0.852848
v 1.453109 -3.368963 -0.479248
v 0.617909 -3.175663 -1.688648
v 0.656109 -3.099663 -2.051248
v 6.606709 -2.832863 -1.339148
v 6.893909 -3.049763 -1.250748
v 6.874609 -2.953363 -1.592948
v 6.590009 -2.715663 -1.704948
v 8.256809 -2.734763 -2.291948
v 8.236109 -2.821163 -1.712948
v 7.952809 -2.563463 -1.721648
v 10.236609 -2.300063 -2.457248
v 6.708709 -3.415563 -1.016448
v 6.721509 -3.293063 -1.385048
v 5.810909 -3.832363 -0.629048
v 5.820409 -3.959863 -0.093648
v 5.977809 -3.523063 -0.353148
v 5.966909 -3.399563 -0.727948
v 3.227009 -3.819663 0.285252
v 3.223809 -3.717163 -0.135048
v 1.350709 -3.434463 -0.071148
v 1.318909 -3.347263 0.322552
v 2.176709 -3.237863 0.543652
v 2.200609 -3.326063 0.148052
v 0.527009 -3.095163 -2.793448
v 5.202109 -3.094363 -1.440748
v 4.907310 -2.924763 -1.452448
v 4.976209 -3.112363 -1.427448
v 4.374310 -3.209963 -1.393248
v 3.937909 -3.280663 -1.368348
v 3.732809 -3.495263 -1.226348
v 2.136409 -3.165163 -1.386348
v 1.679309 -2.971963 -1.713448
v 1.388509 -2.996963 -2.360148
v 6.442209 -2.847063 -1.952748
v 6.210909 -2.621263 -2.078748
v 6.361310 -3.090463 -1.818848
v 5.577709 -3.528763 -1.432048
v 5.704409 -3.176963 -1.284848
v 3.449909 -3.469263 -0.860148
v 1.953009 -3.505863 -0.769248
v 2.643709 -3.417763 -0.591148
v 4.270109 -2.553663 0.020152
v 4.653909 -1.054763 0.073652
v 4.915409 -0.198963 -0.416648
v 4.913209 0.837237 -0.673748
v 4.646810 -2.831163 -0.017648
v 4.737309 -3.354463 -0.259748
v 4.712609 -3.507163 -0.876548
v 4.777709 -3.694563 -0.503148
v 4.591409 -3.174763 -1.405548
vt 0.487100 0.577000
vt 0.497600 0.568600
vt 0.513600 0.593000
vt 0.491800 0.609000
vt 0.642700 0.474400
vt 0.656400 0.486700
vt 0.608700 0.512800
vt 0.582500 0.502700
vt 0.827000 0.352800
vt 0.836400 0.362000
vt 0.705400 0.431900
vt 0.700400 0.423300
vt 0.650700 0.550800
vt 0.757800 0.651700
vt 0.718100 0.718900
vt 0.576300 0.626000
vt 0.808300 0.596000
vt 0.780300 0.636800
vt 0.691700 0.532500
vt 0.729900 0.478700
vt 0.487800 0.546900
vt 0.570200 0.481300
vt 0.631900 0.451400
vt 0.682700 0.404100
vt 0.464700 0.509400
vt 0.558200 0.460200
vt 0.617000 0.425800
vt 0.670800 0.380100
vt 0.419100 0.441600
vt 0.412300 0.412400
vt 0.499600 0.383800
vt 0.517100 0.408800
vt 0.594700 0.392500
vt 0.573000 0.379600
vt 0.655900 0.352200
vt 0.642700 0.339500
vt 0.378900 0.323400
vt 0.455800 0.308600
vt 0.523900 0.301000
vt 0.589600 0.268000
vt 0.351200 0.243700
vt 0.420200 0.248000
vt 0.475700 0.236500
vt 0.534700 0.213500
vt 0.329300 0.155300
vt 0.382600 0.165500
vt 0.408800 0.137900
vt 0.625600 0.119200
vt 0.456800 0.131500
vt 0.512900 0.057200
vt 0.326700 0.071300
vt 0.339300 0.072200
vt 0.361300 0.066000
vt 0.377200 0.046700
vt 0.387900 0.020000
vt 0.715300 0.727500
vt 0.767700 0.729000
vt 0.762700 0.738800
vt 0.843800 0.622700
vt 0.810300 0.661800
vt 0.893800 0.540300
vt 0.907900 0.581400
vt 0.795000 0.680100
vt 0.882300 0.778200
vt 0.869100 0.793800
vt 0.931100 0.748700
vt 0.912200 0.760700
vt 0.972600 0.731400
vt 0.907900 0.764100
vt 0.888300 0.794300
vt 0.885800 0.795500
vt 0.940300 0.778400
vt 0.920800 0.784600
vt 0.975700 0.752200
vt 0.976800 0.770000
vt 0.911100 0.786700
vt 0.991600 0.968600
vt 0.567300 0.643000
vt 0.656400 0.759700
vt 0.507300 0.727000
vt 0.427500 0.780300
vt 0.361400 0.326700
vt 0.394800 0.417600
vt 0.308500 0.388700
vt 0.239600 0.323800
vt 0.338300 0.241900
vt 0.220100 0.246900
vt 0.329000 0.011600
vt 0.248500 0.362800
vt 0.234900 0.396200
vt 0.216400 0.371600
vt 0.223200 0.350500
vt 0.207400 0.365500
vt 0.211400 0.349400
vt 0.187100 0.336200
vt 0.178600 0.341500
vt 0.174000 0.323100
vt 0.182900 0.322900
vt 0.175400 0.315000
vt 0.187900 0.317400
vt 0.170600 0.221100
vt 0.162200 0.229300
vt 0.149100 0.202300
vt 0.157600 0.190900
vt 0.126500 0.179400
vt 0.132000 0.165600
vt 0.198300 0.743400
vt 0.187400 0.713900
vt 0.222600 0.712200
vt 0.234000 0.748700
vt 0.152900 0.840900
vt 0.143000 0.819300
vt 0.138800 0.853000
vt 0.130300 0.826400
vt 0.070800 0.993600
vt 0.070400 0.992200
vt 0.075800 0.922900
vt 0.256500 0.700200
vt 0.242200 0.659600
vt 0.402100 0.462200
vt 0.346300 0.471400
vt 0.375100 0.567300
vt 0.332700 0.543300
vt 0.182700 0.291900
vt 0.193800 0.287300
vt 0.208000 0.230400
vt 0.194600 0.234100
vt 0.195200 0.260800
vt 0.210200 0.257400
vt 0.102600 0.164100
vt 0.109100 0.151400
vt 0.109400 0.151000
vt 0.213800 0.421000
vt 0.182600 0.435300
vt 0.174000 0.409400
vt 0.201200 0.389500
vt 0.178100 0.395700
vt 0.194100 0.378900
vt 0.169600 0.348200
vt 0.156400 0.356500
vt 0.149100 0.332600
vt 0.163100 0.325400
vt 0.152300 0.321200
vt 0.163400 0.315600
vt 0.140000 0.225700
vt 0.149300 0.243800
vt 0.136200 0.244000
vt 0.127900 0.222800
vt 0.120000 0.206100
vt 0.109000 0.202500
vt 0.167400 0.667900
vt 0.136500 0.655400
vt 0.166400 0.640100
vt 0.198700 0.650500
vt 0.136400 0.777500
vt 0.104200 0.776000
vt 0.074800 0.788400
vt 0.076200 0.785300
vt 0.126100 0.787200
vt 0.085100 0.882600
vt 0.070200 0.923100
vt 0.191600 0.615500
vt 0.228400 0.605500
vt 0.300200 0.470800
vt 0.253300 0.479800
vt 0.238200 0.525000
vt 0.282400 0.515300
vt 0.163100 0.304300
vt 0.172900 0.301400
vt 0.174300 0.246500
vt 0.161900 0.245900
vt 0.166000 0.272200
vt 0.176300 0.271100
vt 0.090500 0.188300
vt 0.088900 0.189400
vt 0.090400 0.188200
vt 0.152300 0.432300
vt 0.037300 0.442000
vt 0.044900 0.421500
vt 0.146300 0.414000
vt 0.145100 0.405000
vt 0.045900 0.411100
vt 0.135000 0.372500
vt 0.050900 0.381100
vt 0.052700 0.362500
vt 0.130000 0.351200
vt 0.051100 0.354300
vt 0.129700 0.335100
vt 0.110300 0.254600
vt 0.052300 0.265200
vt 0.058300 0.244500
vt 0.105200 0.236200
vt 0.088900 0.219200
vt 0.062300 0.233000
vt 0.120500 0.622500
vt 0.099900 0.636000
vt 0.017400 0.613000
vt 0.025500 0.584900
vt 0.064900 0.739900
vt 0.134600 0.595300
vt 0.024900 0.561500
vt 0.159000 0.481900
vt 0.024500 0.480800
vt 0.026200 0.506200
vt 0.174000 0.518900
vt 0.053500 0.333300
vt 0.140100 0.318500
vt 0.135800 0.262600
vt 0.055500 0.285400
vt 0.054900 0.307100
vt 0.144300 0.287600
vt 0.428200 0.490900
vt 0.399500 0.446900
vt 0.447500 0.484200
vt 0.544800 0.443200
vt 0.606200 0.410500
vt 0.774700 0.268400
vt 0.789600 0.287300
vt 0.666100 0.371200
vt 0.195600 0.341000
vt 0.189700 0.357000
vt 0.181800 0.367300
vt 0.169600 0.374700
vt 0.139100 0.383700
vt 0.047800 0.391400
vt 0.445900 0.517700
vt 0.798300 0.296300
vt 0.090800 0.187600
vt 0.067700 0.761100
vt 0.076700 0.210900
vt 0.470400 0.559200
vt 0.318800 0.153200
vt 0.319500 0.070600
vt 0.864100 0.412900
vt 0.816200 0.320000
vt 0.762200 0.240000
vt 0.696200 0.169800
vt 0.626600 0.119800
vt 0.487100 0.577000
vt 0.491800 0.609000
vt 0.513600 0.593000
vt 0.497600 0.568600
vt 0.642700 0.474400
vt 0.582500 0.502700
vt 0.608700 0.512800
vt 0.656400 0.486700
vt 0.700400 0.423300
vt 0.705400 0.431900
vt 0.650700 0.550800
vt 0.576300 0.626000
vt 0.718100 0.718900
vt 0.757800 0.651700
vt 0.808300 0.596000
vt 0.729900 0.478700
vt 0.691700 0.532500
vt 0.780300 0.636800
vt 0.570200 0.481300
vt 0.487800 0.546900
vt 0.631900 0.451400
vt 0.682700 0.404100
vt 0.558200 0.460200
vt 0.464700 0.509400
vt 0.617000 0.425800
vt 0.670800 0.380100
vt 0.419100 0.441600
vt 0.517100 0.408800
vt 0.499600 0.383800
vt 0.412300 0.412400
vt 0.594700 0.392500
vt 0.573000 0.379600
vt 0.655900 0.352200
vt 0.642700 0.339500
vt 0.455800 0.308600
vt 0.378900 0.323400
vt 0.523900 0.301000
vt 0.589600 0.268000
vt 0.420200 0.248000
vt 0.351200 0.243700
vt 0.475700 0.236500
vt 0.534700 0.213500
vt 0.382600 0.165500
vt 0.329300 0.155300
vt 0.408800 0.137900
vt 0.456800 0.131500
vt 0.339300 0.072200
vt 0.326700 0.071300
vt 0.361300 0.066000
vt 0.377200 0.046700
vt 0.715300 0.727500
vt 0.762700 0.738800
vt 0.767700 0.729000
vt 0.810300 0.661800
vt 0.843800 0.622700
vt 0.795000 0.680100
vt 0.869100 0.793800
vt 0.882300 0.778200
vt 0.912200 0.760700
vt 0.931100 0.748700
vt 0.907900 0.764100
vt 0.885800 0.795500
vt 0.888300 0.794300
vt 0.920800 0.784600
vt 0.940300 0.778400
vt 0.911100 0.786700
vt 0.567300 0.643000
vt 0.507300 0.727000
vt 0.656400 0.759700
vt 0.427500 0.780300
vt 0.361400 0.326700
vt 0.239600 0.323800
vt 0.308500 0.388700
vt 0.394800 0.417600
vt 0.338300 0.241900
vt 0.220100 0.246900
vt 0.248500 0.362800
vt 0.223200 0.350500
vt 0.216400 0.371600
vt 0.234900 0.396200
vt 0.211400 0.349400
vt 0.207400 0.365500
vt 0.187100 0.336200
vt 0.182900 0.322900
vt 0.174000 0.323100
vt 0.178600 0.341500
vt 0.187900 0.317400
vt 0.175400 0.315000
vt 0.170600 0.221100
vt 0.157600 0.190900
vt 0.149100 0.202300
vt 0.162200 0.229300
vt 0.132000 0.165600
vt 0.126500 0.179400
vt 0.198300 0.743400
vt 0.234000 0.748700
vt 0.222600 0.712200
vt 0.187400 0.713900
vt 0.143000 0.819300
vt 0.152900 0.840900
vt 0.130300 0.826400
vt 0.138800 0.853000
vt 0.256500 0.700200
vt 0.242200 0.659600
vt 0.346300 0.471400
vt 0.402100 0.462200
vt 0.375100 0.567300
vt 0.332700 0.543300
vt 0.193800 0.287300
vt 0.182700 0.291900
vt 0.194600 0.234100
vt 0.208000 0.230400
vt 0.210200 0.257400
vt 0.195200 0.260800
vt 0.213800 0.421000
vt 0.201200 0.389500
vt 0.174000 0.409400
vt 0.182600 0.435300
vt 0.194100 0.378900
vt 0.178100 0.395700
vt 0.169600 0.348200
vt 0.163100 0.325400
vt 0.149100 0.332600
vt 0.156400 0.356500
vt 0.163400 0.315600
vt 0.152300 0.321200
vt 0.140000 0.225700
vt 0.127900 0.222800
vt 0.136200 0.244000
vt 0.149300 0.243800
vt 0.120000 0.206100
vt 0.109000 0.202500
vt 0.167400 0.667900
vt 0.198700 0.650500
vt 0.166400 0.640100
vt 0.136500 0.655400
vt 0.104200 0.776000
vt 0.136400 0.777500
vt 0.126100 0.787200
vt 0.085100 0.882600
vt 0.228400 0.605500
vt 0.191600 0.615500
vt 0.253300 0.479800
vt 0.300200 0.470800
vt 0.282400 0.515300
vt 0.238200 0.525000
vt 0.172900 0.301400
vt 0.163100 0.304300
vt 0.161900 0.245900
vt 0.174300 0.246500
vt 0.176300 0.271100
vt 0.166000 0.272200
vt 0.090500 0.188300
vt 0.152300 0.432300
vt 0.146300 0.414000
vt 0.145100 0.405000
vt 0.135000 0.372500
vt 0.130000 0.351200
vt 0.129700 0.335100
vt 0.110300 0.254600
vt 0.105200 0.236200
vt 0.088900 0.219200
vt 0.120500 0.622500
vt 0.099900 0.636000
vt 0.134600 0.595300
vt 0.159000 0.481900
vt 0.174000 0.518900
vt 0.140100 0.318500
vt 0.135800 0.262600
vt 0.144300 0.287600
vt 0.428200 0.490900
vt 0.447500 0.484200
vt 0.399500 0.446900
vt 0.544800 0.443200
vt 0.606200 0.410500
vt 0.666100 0.371200
vt 0.195600 0.341000
vt 0.189700 0.357000
vt 0.169600 0.374700
vt 0.181800 0.367300
vt 0.139100 0.383700
vt 0.445900 0.517700
vt 0.470400 0.559200
vt 0.318800 0.153200
vt 0.319500 0.070600
vn -0.1775 -0.1968 -0.9642
vn 0.2435 -0.9407 -0.2363
vn 0.3685 0.3379 -0.8660
vn 0.4340 0.3320 -0.8375
vn -0.3497 0.8683 -0.3518
vn 0.3917 0.8712 -0.2959
vn 0.4983 0.3352 -0.7996
vn 0.3293 -0.0402 -0.9434
vn 0.3601 0.2508 -0.8986
vn 0.3680 0.2288 -0.9012
vn 0.1518 -0.0379 -0.9877
vn 0.3434 0.0821 -0.9356
vn 0.1332 0.1975 -0.9712
vn 0.0140 0.2793 -0.9601
vn 0.3862 0.3194 -0.8653
vn 0.3720 0.3165 -0.8726
vn 0.4171 0.0448 -0.9077
vn 0.3701 0.3779 -0.8487
vn 0.0999 0.4262 -0.8991
vn 0.1490 0.4672 -0.8715
vn 0.5833 0.0999 0.8061
vn 0.5321 0.0900 0.8419
vn 0.4527 -0.5611 0.6930
vn 0.4954 -0.5449 0.6765
vn 0.4830 -0.2201 0.8475
vn 0.5965 -0.1375 0.7907
vn 0.1715 -0.0833 -0.9817
vn -0.0257 -0.1245 -0.9919
vn 0.0986 0.4776 -0.8730
vn 0.0810 0.4760 -0.8757
vn 0.0420 0.2442 -0.9688
vn 0.0416 0.2444 -0.9688
vn 0.0423 0.2442 -0.9688
vn 0.0428 0.2440 -0.9688
vn 0.7591 -0.1327 0.6373
vn 0.7592 -0.1308 0.6375
vn 0.7597 -0.1284 0.6375
vn 0.8738 -0.2566 0.4131
vn 0.5635 -0.6923 0.4508
vn 0.4190 -0.7193 0.5540
vn 0.8569 -0.3282 0.3976
vn 0.8569 -0.3281 0.3976
vn 0.8569 -0.3280 0.3977
vn 0.9684 -0.1590 0.1922
vn -0.0168 -0.1040 -0.9944
vn 0.0051 -0.0873 -0.9962
vn 0.0249 0.6069 -0.7944
vn 0.0246 0.6073 -0.7941
vn 0.0250 0.6067 -0.7945
vn 0.0252 0.6063 -0.7948
vn -0.1392 0.6263 -0.7670
vn 0.0203 0.4657 -0.8847
vn -0.1332 0.6191 -0.7739
vn -0.2608 0.7227 -0.6401
vn -0.2772 0.0009 -0.9608
vn -0.3095 -0.0276 -0.9505
vn -0.3158 0.7018 -0.6385
vn -0.3351 0.7248 -0.6019
vn -0.3355 0.7089 -0.6205
vn -0.4991 0.7426 -0.4466
vn -0.4079 0.0791 -0.9096
vn -0.3598 0.2090 -0.9093
vn -0.3869 0.1859 -0.9032
vn -0.4427 0.0687 -0.8940
vn -0.3846 0.7270 -0.5689
vn -0.3624 0.6289 -0.6879
vn -0.2517 0.6114 -0.7502
vn -0.4261 0.8203 -0.3814
vn -0.3383 0.7984 -0.4981
vn -0.2658 0.7353 -0.6234
vn -0.3795 0.8694 -0.3165
vn -0.7026 0.4716 -0.5329
vn -0.7059 0.4339 -0.5599
vn -0.6943 0.5287 -0.4882
vn -0.7081 0.3736 -0.5992
vn -0.6308 0.1892 -0.7525
vn -0.7148 0.6965 0.0632
vn -0.7025 0.6271 0.3366
vn -0.6055 0.6858 -0.4038
vn -0.5793 0.6719 -0.4615
vn -0.6946 0.4603 -0.5529
vn -0.3820 0.3475 -0.8563
vn 0.3831 0.1516 0.9112
vn 0.3929 0.1720 0.9033
vn 0.4751 -0.0613 0.8778
vn 0.1577 -0.4862 0.8595
vn 0.7850 -0.5325 0.3166
vn 0.6259 -0.6212 0.4716
vn 0.1633 -0.1242 0.9787
vn -0.2944 -0.3325 0.8960
vn 0.2042 -0.1886 -0.9606
vn 0.2011 -0.2296 -0.9523
vn 0.1866 0.5595 -0.8075
vn 0.2329 0.3989 -0.8869
vn 0.1263 0.9288 -0.3484
vn 0.1679 0.8816 -0.4411
vn 0.2334 0.3676 -0.9002
vn 0.2370 0.3387 -0.9106
vn 0.8509 0.0984 0.5161
vn 0.8509 0.0983 0.5161
vn 0.8538 0.0823 0.5140
vn 0.2068 -0.3993 0.8932
vn 0.1501 -0.4788 0.8650
vn -0.0002 0.0000 1.0000
vn 0.3095 -0.8515 0.4233
vn 0.2634 -0.8829 0.3889
vn 0.1635 -0.3475 0.9233
vn 0.1438 -0.3915 0.9089
vn 0.2365 -0.1846 -0.9539
vn 0.2365 -0.1847 -0.9539
vn 0.2365 -0.1843 -0.9540
vn 0.2099 0.4751 -0.8545
vn 0.1799 0.9007 -0.3954
vn 0.2170 0.3833 -0.8978
vn 0.3329 0.3876 -0.8596
vn 0.3572 0.9100 -0.2105
vn -0.4123 0.7025 -0.5802
vn -0.3630 0.7738 -0.5191
vn 0.1618 0.8382 -0.5209
vn -0.0801 0.7297 -0.6791
vn -0.1543 0.7907 -0.5925
vn -0.1967 0.7856 -0.5867
vn -0.3864 0.8794 -0.2781
vn -0.5451 0.2216 -0.8085
vn -0.5205 0.1165 -0.8459
vn -0.7091 0.5048 -0.4923
vn 0.5340 -0.2332 -0.8127
vn 0.5948 -0.2966 -0.7471
vn 0.9164 0.3240 0.2351
vn 0.6439 0.2753 0.7139
vn 0.0651 -0.5840 -0.8092
vn 0.0572 -0.5827 -0.8107
vn 0.0648 -0.5829 -0.8099
vn 0.0659 -0.5844 -0.8088
vn 0.8874 0.2628 0.3787
vn 0.7358 0.2211 0.6401
vn -0.4301 -0.4444 -0.7858
vn -0.2459 -0.7313 -0.6362
vn -0.3415 -0.8802 -0.3296
vn -0.2993 -0.8957 -0.3289
vn 0.2582 -0.2775 0.9254
vn 0.2580 -0.2777 0.9254
vn 0.2581 -0.2775 0.9254
vn 0.2617 -0.2766 0.9247
vn 0.1996 -0.0982 -0.9749
vn 0.2304 0.0408 -0.9722
vn 0.2911 -0.4117 0.8636
vn 0.1959 -0.1118 0.9742
vn -0.0000 0.0000 -1.0000
vn 0.3294 -0.6344 -0.6993
vn 0.2021 0.0501 -0.9781
vn 0.6219 -0.6024 0.5004
vn 0.7224 -0.5010 0.4765
vn -0.6928 -0.6843 0.2275
vn -0.9164 -0.2182 -0.3354
vn 0.7015 -0.6058 -0.3754
vn 0.8494 -0.3743 -0.3721
vn -0.0557 0.4583 -0.8871
vn 0.1908 -0.3571 -0.9143
vn 0.5252 0.3670 0.7677
vn 0.1006 0.8572 -0.5050
vn 0.1220 -0.6981 0.7056
vn -0.6741 -0.3648 -0.6423
vn -0.1042 -0.8933 0.4373
vn 0.0273 -0.9213 0.3880
vn 0.1203 -0.9543 0.2735
vn 0.0286 -0.8545 0.5186
vn 0.0396 -0.8712 0.4893
vn 0.1303 -0.9620 0.2400
vn -0.3030 -0.9520 -0.0426
vn -0.1498 -0.9723 -0.1794
vn -0.1495 -0.9722 -0.1803
vn -0.0924 -0.9869 -0.1324
vn -0.0714 -0.9909 -0.1145
vn -0.4919 -0.8045 0.3330
vn -0.5106 -0.8040 0.3048
vn 0.9655 0.2603 -0.0097
vn 0.9850 0.1718 -0.0151
vn 0.0693 -0.9815 0.1788
vn 0.0692 -0.9817 0.1773
vn 0.0692 -0.9815 0.1783
vn 0.0333 -0.9918 0.1237
vn 0.9708 -0.0839 -0.2245
vn 0.9710 -0.0846 -0.2238
vn 0.9716 -0.0875 -0.2199
vn 0.9847 0.1722 0.0264
vn -0.0398 -0.9798 0.1962
vn -0.0310 -0.9490 0.3136
vn 0.3507 -0.8993 0.2614
vn 0.2567 -0.9510 0.1723
vn 0.5701 0.7896 -0.2269
vn 0.5514 0.8106 -0.1972
vn -0.0270 -0.9885 0.1485
vn -0.1159 -0.9474 0.2983
vn 0.7054 0.6883 -0.1693
vn 0.6646 0.7352 -0.1335
vn 0.1455 -0.8581 0.4924
vn 0.0895 -0.9930 0.0776
vn 0.8473 -0.4968 0.1877
vn 0.8431 -0.5184 0.1430
vn -0.6275 -0.7599 0.1698
vn -0.5723 -0.7568 0.3158
vn -0.1403 -0.9408 0.3087
vn -0.1395 -0.9398 0.3121
vn -0.1414 -0.9389 0.3138
vn -0.1394 -0.9417 0.3062
vn 0.9193 -0.3650 0.1470
vn 0.9125 -0.3940 0.1098
vn 0.0366 -0.9929 0.1128
vn -0.0119 -0.9715 0.2366
vn -0.9015 0.4014 0.1618
vn 0.3708 0.8979 -0.2372
vn -0.3999 -0.8912 0.2143
vn -0.4454 -0.8792 -0.1691
vn 0.0671 -0.9730 -0.2210
vn 0.5856 -0.8036 0.1067
vn 0.2665 -0.9620 0.0590
vn 0.2347 0.9714 0.0349
vn -0.4602 -0.7904 -0.4043
vn -0.4573 -0.7921 -0.4043
vn -0.4653 -0.7873 -0.4045
vn -0.4680 -0.7856 -0.4046
vn 0.9298 0.3165 0.1878
vn 0.9217 0.3359 0.1939
vn 0.1491 -0.9037 -0.4014
vn 0.1688 -0.9023 -0.3966
vn 0.9231 0.3781 0.0703
vn 0.7811 -0.4921 -0.3844
vn -0.0508 -0.9526 -0.2998
vn -0.5137 -0.8267 -0.2297
vn -0.4853 -0.8377 -0.2506
vn -0.1569 -0.7039 -0.6927
vn 0.6988 0.3748 0.6093
vn 0.6975 0.3724 0.6122
vn 0.6985 0.3756 0.6092
vn 0.5817 0.5271 0.6195
vn 0.2671 -0.7536 -0.6006
vn 0.9322 -0.3532 0.0789
vn 0.9421 -0.3220 0.0940
vn -0.7129 -0.6142 -0.3385
vn -0.7122 -0.6150 -0.3384
vn -0.7144 -0.6122 -0.3388
vn -0.7150 -0.6115 -0.3389
vn 0.1549 -0.8584 -0.4891
vn 0.3699 -0.8747 -0.3133
vn 0.9396 -0.3415 -0.0202
vn 0.9378 -0.3466 -0.0213
vn 0.9384 -0.3449 -0.0209
vn 0.9403 -0.3397 -0.0197
vn -0.0246 -0.9425 -0.3333
vn 0.3153 -0.8979 -0.3073
vn -0.9640 0.0431 0.2625
vn -0.6797 0.5287 0.5085
vn -0.0542 -0.9583 -0.2805
vn 0.0268 -0.9639 -0.2648
vn 0.1160 -0.9535 -0.2780
vn 0.0489 -0.9575 -0.2842
vn 0.0727 -0.0257 -0.9970
vn 0.0623 -0.0516 -0.9967
vn 0.0562 -0.0583 -0.9967
vn 0.0621 -0.0513 -0.9968
vn 0.0213 0.4846 -0.8745
vn 0.0509 0.4847 -0.8732
vn -0.4056 0.8560 -0.3205
vn 0.0779 0.9098 -0.4077
vn 0.0356 0.9141 -0.4040
vn -0.4387 0.8433 -0.3106
vn -0.1906 0.2931 -0.9369
vn -0.8383 0.3443 -0.4227
vn -0.4789 0.3414 -0.8088
vn 0.0235 0.2387 -0.9708
vn -0.0927 -0.4312 -0.8975
vn 0.0559 -0.5825 -0.8109
vn -0.3955 -0.8467 0.3560
vn -0.3122 -0.9228 0.2256
vn 0.1489 -0.9025 -0.4041
vn 0.1488 -0.9025 -0.4041
vn 0.1486 -0.9026 -0.4041
vn 0.1687 -0.9005 -0.4008
vn 0.0609 -0.0527 -0.9968
vn 0.0548 -0.0616 -0.9966
vn 0.0268 0.4920 -0.8702
vn 0.0225 0.4918 -0.8704
vn 0.0237 0.4919 -0.8703
vn 0.0281 0.4920 -0.8701
vn -0.0038 0.9384 -0.3455
vn 0.0801 0.9332 -0.3503
vn 0.0154 0.2416 -0.9702
vn 0.0138 0.2419 -0.9702
vn 0.3851 -0.5992 -0.7019
vn 0.1573 -0.3921 -0.9064
vn 0.4025 -0.8642 0.3017
vn 0.4990 -0.7365 0.4566
vn 0.1687 -0.8978 -0.4068
vn 0.1491 -0.9025 -0.4041
vn 0.3483 -0.4618 -0.8157
vn 0.3982 -0.5857 -0.7060
vn 0.9547 -0.0270 0.2962
vn 0.9194 0.1627 0.3582
vn 0.0617 -0.7182 -0.6931
vn 0.0632 -0.7201 -0.6910
vn 0.0629 -0.7195 -0.6917
vn 0.0612 -0.7178 -0.6936
vn 0.9875 0.1422 0.0677
vn 0.8108 0.5735 0.1172
vn -0.4450 -0.8396 -0.3114
vn -0.2095 -0.9223 -0.3247
vn -0.2025 -0.9790 0.0219
vn -0.1226 -0.9884 -0.0900
vn 0.0332 -0.3391 0.9401
vn 0.2060 -0.3753 0.9037
vn 0.2231 0.0426 -0.9739
vn 0.2295 0.0650 -0.9711
vn -0.1508 -0.1985 0.9684
vn -0.1172 -0.3600 0.9256
vn 0.3202 -0.6206 0.7158
vn 0.3709 -0.5466 0.7508
vn -0.8208 -0.0043 -0.5711
vn -0.9161 -0.2278 -0.3300
vn 0.2369 -0.9659 -0.1045
vn 0.4201 -0.8982 -0.1291
vn 0.8807 -0.4323 0.1935
vn 0.8041 -0.5492 0.2275
vn 0.7939 -0.4253 -0.4346
vn 0.3336 -0.6298 0.7015
vn -0.6277 -0.7739 0.0841
vn -0.5560 0.5616 -0.6128
vn -0.2429 -0.7248 -0.6447
vn -0.2138 -0.8763 -0.4318
vn -0.0985 -0.9307 -0.3524
vn 0.2678 -0.6353 0.7243
vn -0.1284 -0.8910 -0.4355
vn -0.2354 -0.6465 -0.7257
vn -0.1059 -0.9923 0.0636
vn -0.1594 -0.9696 0.1856
vn -0.0833 -0.9964 0.0149
vn -0.4818 -0.8371 0.2591
vn -0.4742 -0.8420 0.2570
vn -0.4751 -0.8415 0.2573
vn -0.4829 -0.8364 0.2594
vn 0.9363 0.3266 0.1293
vn 0.9686 0.2028 0.1438
vn 0.1439 -0.9651 0.2187
vn 0.1440 -0.9651 0.2187
vn 0.0695 -0.9818 0.1767
vn 0.7806 -0.5514 -0.2943
vn 0.9718 -0.0882 -0.2188
vn -0.0654 -0.8965 0.4381
vn -0.0494 -0.9549 0.2929
vn 0.1304 -0.9913 0.0203
vn 0.1659 -0.9771 0.1330
vn 0.6970 0.3720 0.6130
vn 0.6314 0.4629 0.6221
vn -0.1339 -0.9845 0.1128
vn -0.0510 -0.9979 0.0402
vn -0.0078 -0.9999 -0.0104
vn 0.4556 -0.5405 0.7073
vn 0.4505 -0.6049 0.6566
vn -0.7540 -0.6533 0.0689
vn -0.7368 -0.6749 0.0412
vn -0.1386 -0.9365 0.3222
vn -0.1385 -0.9370 0.3207
vn 0.8779 -0.1225 0.4628
vn 0.8344 -0.3898 0.3897
vn -0.5055 -0.7956 0.3340
vn -0.4183 -0.8116 0.4079
vn -0.2834 -0.8014 0.5267
vn -0.3824 -0.8926 0.2386
vn -0.1811 -0.9119 0.3682
vn -0.3824 -0.9168 0.1155
vn 0.0813 -0.9820 -0.1705
vn 0.0845 -0.9963 -0.0149
vn 0.1188 -0.9918 0.0481
vn -0.2463 -0.5832 -0.7741
vn -0.1865 -0.7192 -0.6693
vn 0.1441 -0.9651 0.2186
vn -0.2919 -0.8386 0.4600
vn 0.5102 -0.4596 -0.7269
vn 0.3949 -0.6608 -0.6383
vn 0.1253 -0.9107 0.3936
vn 0.3192 -0.7678 0.5556
vn 0.5442 0.0857 -0.8346
vn -0.1714 -0.1128 -0.9787
vn 0.2885 -0.7772 -0.5593
vn 0.1361 -0.9644 -0.2268
vn 0.5376 -0.8300 -0.1482
vn 0.6167 -0.6192 -0.4861
vn 0.6248 0.0788 0.7768
vn 0.5697 0.1756 0.8029
vn 0.1901 -0.0868 -0.9779
vn 0.1673 -0.1284 -0.9775
vn 0.7047 -0.2054 0.6791
vn 0.7587 -0.1335 0.6376
vn -0.0199 -0.1035 -0.9944
vn -0.0141 -0.0875 -0.9961
vn -0.2709 -0.0015 -0.9626
vn -0.2767 -0.0364 -0.9603
vn -0.3742 0.0445 -0.9263
vn -0.3562 0.2085 -0.9108
vn -0.6377 0.4688 -0.6112
vn -0.6374 0.4697 -0.6109
vn -0.6373 0.4697 -0.6109
vn -0.6373 0.4697 -0.6110
vn -0.1398 -0.2061 0.9685
vn 0.3876 0.1732 0.9054
vn 0.2188 -0.1972 -0.9556
vn 0.2081 -0.2299 -0.9507
vn 0.1728 -0.2249 0.9589
vn -0.0015 -0.0353 -0.9994
vn 0.0623 -0.0227 -0.9978
vn -0.0023 -0.0513 -0.9987
vn 0.0543 -0.0495 -0.9973
vn -0.6311 0.4646 -0.6212
vn 0.3547 0.8164 -0.4557
vn 0.2293 0.9012 -0.3679
vn 0.1133 0.9200 -0.3751
vn 0.1147 0.9197 -0.3754
vn 0.1094 0.9210 -0.3738
vn 0.1081 0.9214 -0.3734
vn 0.5663 -0.7612 0.3160
vn 0.7549 -0.6210 0.2109
vn 0.1601 0.9126 -0.3762
vn -0.0135 0.9361 -0.3516
vn 0.8101 -0.5344 0.2410
vn 0.4932 -0.7759 0.3933
vn -0.1690 0.8668 -0.4691
vn -0.0900 0.8997 -0.4272
vn -0.2752 0.6069 -0.7456
vn -0.2752 0.6068 -0.7457
vn -0.2752 0.6067 -0.7457
vn -0.5099 0.5408 -0.6690
vn -0.1754 0.8658 -0.4685
vn -0.6953 -0.7150 -0.0728
vn 0.2994 0.0631 -0.9520
vn 0.3025 0.1655 -0.9387
vn 0.3053 0.1408 -0.9418
vn 0.3044 0.1489 -0.9408
vn 0.3018 0.1716 -0.9378
vn 0.5273 -0.7476 0.4038
vn 0.2435 -0.9407 0.2363
vn -0.1775 -0.1968 0.9642
vn 0.4340 0.3320 0.8375
vn 0.3685 0.3379 0.8660
vn 0.3917 0.8712 0.2959
vn -0.3497 0.8683 0.3518
vn 0.3293 -0.0402 0.9434
vn 0.4983 0.3352 0.7996
vn 0.3680 0.2288 0.9012
vn 0.3601 0.2508 0.8986
vn 0.3434 0.0821 0.9356
vn 0.1518 -0.0379 0.9877
vn 0.0140 0.2793 0.9601
vn 0.1332 0.1975 0.9712
vn 0.3720 0.3165 0.8726
vn 0.3862 0.3194 0.8653
vn 0.3701 0.3779 0.8487
vn 0.4171 0.0448 0.9077
vn 0.1490 0.4672 0.8715
vn 0.0999 0.4262 0.8991
vn 0.5321 0.0900 -0.8419
vn 0.5833 0.0999 -0.8061
vn 0.4954 -0.5449 -0.6765
vn 0.4527 -0.5611 -0.6930
vn 0.5965 -0.1375 -0.7907
vn 0.4830 -0.2201 -0.8475
vn -0.0257 -0.1245 0.9919
vn 0.1715 -0.0833 0.9817
vn 0.0810 0.4760 0.8757
vn 0.0986 0.4776 0.8730
vn 0.0420 0.2442 0.9688
vn 0.0428 0.2440 0.9688
vn 0.0424 0.2441 0.9688
vn 0.0416 0.2444 0.9688
vn 0.8738 -0.2566 -0.4131
vn 0.7597 -0.1284 -0.6375
vn 0.7592 -0.1308 -0.6375
vn 0.7591 -0.1327 -0.6373
vn 0.4188 -0.7194 -0.5542
vn 0.5635 -0.6923 -0.4508
vn 0.9683 -0.1591 -0.1927
vn 0.9683 -0.1589 -0.1927
vn 0.9683 -0.1592 -0.1926
vn 0.8570 -0.3280 -0.3975
vn 0.8570 -0.3280 -0.3974
vn 0.0051 -0.0873 0.9962
vn -0.0168 -0.1040 0.9944
vn 0.0249 0.6069 0.7944
vn 0.0252 0.6063 0.7948
vn 0.0250 0.6067 0.7945
vn 0.0246 0.6073 0.7941
vn -0.1392 0.6263 0.7670
vn -0.2608 0.7227 0.6401
vn -0.1332 0.6191 0.7739
vn 0.0203 0.4657 0.8847
vn -0.3095 -0.0276 0.9505
vn -0.2772 0.0009 0.9608
vn -0.3351 0.7248 0.6019
vn -0.3158 0.7018 0.6385
vn -0.4991 0.7426 0.4466
vn -0.3355 0.7089 0.6205
vn -0.4079 0.0791 0.9096
vn -0.4427 0.0687 0.8940
vn -0.3868 0.1859 0.9032
vn -0.3598 0.2090 0.9093
vn -0.3624 0.6289 0.6879
vn -0.3846 0.7270 0.5689
vn -0.4261 0.8203 0.3814
vn -0.2517 0.6114 0.7502
vn -0.2658 0.7353 0.6234
vn -0.3383 0.7984 0.4981
vn -0.6943 0.5287 0.4882
vn -0.7059 0.4339 0.5599
vn -0.7026 0.4716 0.5329
vn -0.3795 0.8694 0.3165
vn -0.6308 0.1892 0.7525
vn -0.7081 0.3736 0.5992
vn -0.7148 0.6965 -0.0632
vn -0.5793 0.6719 0.4615
vn -0.6055 0.6858 0.4038
vn -0.7025 0.6271 -0.3366
vn -0.3820 0.3475 0.8563
vn -0.6946 0.4603 0.5529
vn 0.3929 0.1720 -0.9033
vn 0.3831 0.1520 -0.9111
vn 0.1577 -0.4862 -0.8595
vn 0.4751 -0.0613 -0.8778
vn 0.6259 -0.6212 -0.4716
vn 0.7850 -0.5325 -0.3166
vn -0.2944 -0.3325 -0.8960
vn 0.1633 -0.1242 -0.9787
vn 0.2011 -0.2296 0.9523
vn 0.2042 -0.1886 0.9606
vn 0.2329 0.3989 0.8869
vn 0.1866 0.5595 0.8075
vn 0.1679 0.8816 0.4411
vn 0.1263 0.9288 0.3484
vn 0.2370 0.3387 0.9106
vn 0.2334 0.3679 0.9001
vn 0.8538 0.0823 -0.5140
vn 0.8509 0.0983 -0.5161
vn 0.8509 0.0984 -0.5161
vn 0.1501 -0.4788 -0.8650
vn 0.2068 -0.3993 -0.8932
vn 0.2634 -0.8829 -0.3889
vn 0.3095 -0.8515 -0.4233
vn 0.1438 -0.3915 -0.9089
vn 0.1635 -0.3475 -0.9233
vn 0.2364 -0.1843 0.9540
vn 0.2365 -0.1844 0.9540
vn 0.2365 -0.1846 0.9539
vn 0.2365 -0.1847 0.9539
vn 0.2099 0.4751 0.8545
vn 0.1799 0.9007 0.3954
vn 0.2170 0.3833 0.8978
vn 0.3572 0.9100 0.2105
vn 0.3329 0.3876 0.8596
vn -0.3630 0.7738 0.5191
vn -0.4123 0.7025 0.5802
vn -0.0801 0.7297 0.6791
vn 0.1618 0.8382 0.5209
vn -0.1967 0.7856 0.5867
vn -0.1543 0.7907 0.5925
vn -0.3864 0.8794 0.2781
vn -0.5451 0.2216 0.8085
vn -0.5205 0.1165 0.8459
vn -0.7091 0.5048 0.4923
vn 0.5948 -0.2966 0.7471
vn 0.5340 -0.2332 0.8127
vn 0.6439 0.2753 -0.7139
vn 0.9164 0.3239 -0.2351
vn 0.0650 -0.5841 0.8091
vn 0.0659 -0.5844 0.8088
vn 0.0647 -0.5830 0.8099
vn 0.0572 -0.5829 0.8105
vn 0.7358 0.2211 -0.6401
vn 0.8874 0.2627 -0.3787
vn -0.2459 -0.7313 0.6362
vn -0.4301 -0.4444 0.7858
vn -0.2993 -0.8957 0.3289
vn -0.3415 -0.8802 0.3296
vn 0.2582 -0.2775 -0.9254
vn 0.2617 -0.2766 -0.9247
vn 0.2581 -0.2775 -0.9254
vn 0.2580 -0.2777 -0.9254
vn 0.2304 0.0408 0.9722
vn 0.1996 -0.0982 0.9749
vn 0.1959 -0.1118 -0.9742
vn 0.2911 -0.4117 -0.8636
vn 0.3294 -0.6344 0.6993
vn 0.2021 0.0501 0.9781
vn 0.7224 -0.5010 -0.4765
vn 0.6219 -0.6024 -0.5004
vn -0.9164 -0.2182 0.3354
vn -0.6928 -0.6843 -0.2275
vn 0.8494 -0.3743 0.3721
vn 0.7015 -0.6058 0.3754
vn 0.1908 -0.3571 0.9143
vn -0.0557 0.4583 0.8871
vn 0.1006 0.8572 0.5050
vn 0.5252 0.3670 -0.7677
vn -0.6741 -0.3648 0.6423
vn 0.1220 -0.6981 -0.7056
vn 0.0273 -0.9213 -0.3880
vn -0.1042 -0.8933 -0.4373
vn 0.1203 -0.9543 -0.2735
vn 0.1303 -0.9620 -0.2400
vn 0.0396 -0.8712 -0.4893
vn 0.0286 -0.8545 -0.5186
vn -0.3030 -0.9520 0.0426
vn -0.0924 -0.9869 0.1324
vn -0.1495 -0.9722 0.1803
vn -0.1498 -0.9723 0.1794
vn -0.0714 -0.9909 0.1145
vn -0.5106 -0.8040 -0.3048
vn -0.4919 -0.8045 -0.3330
vn 0.9850 0.1718 0.0151
vn 0.9655 0.2603 0.0097
vn 0.0337 -0.9918 -0.1237
vn 0.0692 -0.9815 -0.1783
vn 0.0692 -0.9817 -0.1772
vn 0.0697 -0.9815 -0.1785
vn 0.9847 0.1722 -0.0264
vn 0.9716 -0.0875 0.2199
vn 0.9710 -0.0846 0.2238
vn 0.9708 -0.0836 0.2247
vn -0.0310 -0.9490 -0.3136
vn -0.0398 -0.9798 -0.1962
vn 0.2570 -0.9509 -0.1723
vn 0.3507 -0.8993 -0.2614
vn 0.5514 0.8106 0.1972
vn 0.5701 0.7896 0.2269
vn -0.1159 -0.9474 -0.2983
vn -0.0270 -0.9885 -0.1485
vn 0.7054 0.6883 0.1693
vn 0.6646 0.7352 0.1335
vn 0.0895 -0.9930 -0.0776
vn 0.1455 -0.8581 -0.4924
vn 0.8431 -0.5184 -0.1430
vn 0.8473 -0.4968 -0.1877
vn -0.5723 -0.7568 -0.3158
vn -0.6275 -0.7599 -0.1698
vn -0.1403 -0.9408 -0.3087
vn -0.1394 -0.9417 -0.3062
vn -0.1414 -0.9389 -0.3139
vn -0.1395 -0.9398 -0.3121
vn 0.9125 -0.3940 -0.1098
vn 0.9193 -0.3650 -0.1470
vn -0.0119 -0.9715 -0.2366
vn 0.0366 -0.9929 -0.1128
vn 0.3708 0.8979 0.2372
vn -0.9017 0.4011 -0.1617
vn -0.4454 -0.8792 0.1691
vn -0.3999 -0.8912 -0.2143
vn 0.0671 -0.9730 0.2210
vn 0.0671 -0.9730 0.2209
vn 0.2665 -0.9620 -0.0590
vn 0.2347 0.9714 -0.0349
vn 0.5856 -0.8036 -0.1067
vn -0.4602 -0.7904 0.4043
vn -0.4680 -0.7856 0.4046
vn -0.4653 -0.7873 0.4045
vn -0.4573 -0.7921 0.4043
vn 0.9217 0.3359 -0.1939
vn 0.9298 0.3165 -0.1878
vn 0.1688 -0.9023 0.3966
vn 0.1491 -0.9037 0.4014
vn 0.7811 -0.4921 0.3844
vn 0.9231 0.3781 -0.0703
vn -0.5137 -0.8266 0.2297
vn -0.0508 -0.9526 0.2998
vn -0.1566 -0.7037 0.6930
vn -0.4853 -0.8377 0.2506
vn 0.5817 0.5271 -0.6195
vn 0.6985 0.3756 -0.6092
vn 0.6975 0.3724 -0.6123
vn 0.6988 0.3748 -0.6093
vn 0.2671 -0.7536 0.6006
vn 0.9421 -0.3220 -0.0940
vn 0.9322 -0.3532 -0.0789
vn -0.7129 -0.6142 0.3385
vn -0.7150 -0.6115 0.3389
vn -0.7144 -0.6122 0.3388
vn -0.7122 -0.6150 0.3384
vn 0.3699 -0.8747 0.3133
vn 0.1549 -0.8584 0.4891
vn 0.9396 -0.3415 0.0202
vn 0.9403 -0.3397 0.0197
vn 0.9384 -0.3449 0.0209
vn 0.9378 -0.3466 0.0213
vn 0.3153 -0.8979 0.3073
vn -0.0246 -0.9425 0.3333
vn -0.6796 0.5287 -0.5085
vn -0.9639 0.0432 -0.2626
vn 0.0268 -0.9639 0.2648
vn -0.0542 -0.9583 0.2805
vn 0.0489 -0.9575 0.2842
vn 0.1160 -0.9535 0.2780
vn 0.0622 -0.0516 0.9967
vn 0.0562 -0.0583 0.9967
vn 0.0623 -0.0517 0.9967
vn 0.0727 -0.0257 0.9970
vn 0.0509 0.4847 0.8732
vn 0.0213 0.4846 0.8745
vn -0.4056 0.8560 0.3205
vn -0.4387 0.8433 0.3106
vn 0.0356 0.9141 0.4040
vn 0.0779 0.9098 0.4077
vn -0.1906 0.2931 0.9369
vn 0.0236 0.2389 0.9708
vn -0.4789 0.3414 0.8088
vn -0.8383 0.3443 0.4227
vn 0.0560 -0.5822 0.8111
vn -0.0927 -0.4312 0.8975
vn -0.3122 -0.9228 -0.2256
vn -0.3955 -0.8466 -0.3563
vn 0.1687 -0.9005 0.4008
vn 0.1486 -0.9026 0.4041
vn 0.1488 -0.9025 0.4041
vn 0.1489 -0.9025 0.4041
vn 0.0609 -0.0527 0.9968
vn 0.0548 -0.0616 0.9966
vn 0.0268 0.4920 0.8702
vn 0.0281 0.4920 0.8701
vn 0.0237 0.4919 0.8703
vn 0.0225 0.4918 0.8704
vn 0.0798 0.9332 0.3503
vn -0.0037 0.9384 0.3455
vn 0.0138 0.2419 0.9702
vn 0.0155 0.2416 0.9702
vn 0.1576 -0.3920 0.9064
vn 0.3851 -0.5992 0.7019
vn 0.4990 -0.7365 -0.4566
vn 0.4025 -0.8642 -0.3017
vn 0.1491 -0.9025 0.4041
vn 0.1687 -0.8978 0.4068
vn 0.3982 -0.5857 0.7060
vn 0.3483 -0.4618 0.8157
vn 0.9194 0.1627 -0.3582
vn 0.9548 -0.0271 -0.2961
vn 0.0617 -0.7181 0.6932
vn 0.0612 -0.7178 0.6936
vn 0.0629 -0.7195 0.6917
vn 0.0631 -0.7198 0.6913
vn 0.8108 0.5735 -0.1172
vn 0.9875 0.1422 -0.0677
vn -0.2095 -0.9223 0.3247
vn -0.4450 -0.8396 0.3114
vn -0.1230 -0.9883 0.0904
vn -0.1229 -0.9883 0.0904
vn -0.1231 -0.9883 0.0902
vn -0.2025 -0.9790 -0.0219
vn 0.2060 -0.3753 -0.9037
vn 0.0332 -0.3391 -0.9401
vn 0.2296 0.0650 0.9711
vn 0.2231 0.0426 0.9739
vn -0.1172 -0.3600 -0.9256
vn -0.1508 -0.1985 -0.9684
vn 0.3709 -0.5466 -0.7508
vn 0.3202 -0.6206 -0.7158
vn -0.9161 -0.2278 0.3300
vn -0.8208 -0.0043 0.5711
vn 0.4201 -0.8982 0.1291
vn 0.2369 -0.9659 0.1045
vn 0.8041 -0.5492 -0.2275
vn 0.8807 -0.4323 -0.1935
vn 0.3336 -0.6298 -0.7015
vn 0.7939 -0.4253 0.4346
vn -0.5559 0.5617 0.6128
vn -0.6277 -0.7739 -0.0841
vn -0.2138 -0.8763 0.4318
vn -0.2429 -0.7248 0.6447
vn -0.0985 -0.9307 0.3524
vn -0.2354 -0.6463 0.7259
vn -0.1284 -0.8910 0.4356
vn 0.2677 -0.6356 -0.7241
vn -0.0833 -0.9964 -0.0149
vn -0.1594 -0.9696 -0.1856
vn -0.1059 -0.9923 -0.0636
vn -0.4818 -0.8371 -0.2591
vn -0.4829 -0.8364 -0.2594
vn -0.4751 -0.8415 -0.2573
vn -0.4742 -0.8420 -0.2570
vn 0.9686 0.2028 -0.1438
vn 0.9361 0.3269 -0.1294
vn 0.0695 -0.9818 -0.1767
vn 0.1439 -0.9651 -0.2187
vn 0.1440 -0.9651 -0.2187
vn 0.9718 -0.0879 0.2190
vn 0.7806 -0.5514 0.2943
vn -0.0494 -0.9549 -0.2929
vn -0.0654 -0.8965 -0.4381
vn 0.1659 -0.9771 -0.1330
vn 0.1304 -0.9912 -0.0203
vn 0.6314 0.4629 -0.6221
vn 0.6970 0.3720 -0.6130
vn -0.1339 -0.9845 -0.1128
vn -0.0510 -0.9979 -0.0402
vn -0.0078 -0.9999 0.0104
vn 0.4505 -0.6049 -0.6566
vn 0.4556 -0.5405 -0.7073
vn -0.7368 -0.6749 -0.0412
vn -0.7540 -0.6533 -0.0689
vn -0.1385 -0.9370 -0.3207
vn -0.1386 -0.9365 -0.3222
vn 0.8344 -0.3898 -0.3897
vn 0.8779 -0.1225 -0.4628
vn -0.4183 -0.8116 -0.4079
vn -0.5059 -0.7953 -0.3340
vn -0.3824 -0.8926 -0.2386
vn -0.2834 -0.8014 -0.5267
vn -0.3824 -0.9168 -0.1155
vn -0.1811 -0.9119 -0.3682
vn 0.0813 -0.9820 0.1705
vn 0.1188 -0.9918 -0.0481
vn 0.0845 -0.9963 0.0149
vn -0.1866 -0.7191 0.6694
vn -0.2463 -0.5832 0.7741
vn -0.2919 -0.8386 -0.4600
vn 0.1441 -0.9651 -0.2186
vn 0.3949 -0.6608 0.6383
vn 0.5102 -0.4596 0.7269
vn 0.3192 -0.7678 -0.5556
vn 0.1253 -0.9107 -0.3936
vn -0.1714 -0.1128 0.9787
vn 0.5442 0.0857 0.8346
vn 0.1361 -0.9644 0.2268
vn 0.2884 -0.7774 0.5590
vn 0.6167 -0.6192 0.4861
vn 0.5376 -0.8300 0.1482
vn 0.5697 0.1756 -0.8029
vn 0.6248 0.0788 -0.7768
vn 0.1673 -0.1284 0.9775
vn 0.1904 -0.0864 0.9779
vn 0.7587 -0.1335 -0.6376
vn 0.7047 -0.2054 -0.6791
vn -0.0141 -0.0875 0.9961
vn -0.0199 -0.1033 0.9944
vn -0.2767 -0.0364 0.9603
vn -0.2709 -0.0015 0.9626
vn -0.3742 0.0445 0.9263
vn -0.3561 0.2089 0.9108
vn -0.6373 0.4697 0.6110
vn -0.6373 0.4697 0.6109
vn -0.6374 0.4697 0.6109
vn -0.6377 0.4688 0.6112
vn 0.3876 0.1732 -0.9054
vn -0.1398 -0.2061 -0.9685
vn 0.2081 -0.2299 0.9507
vn 0.2188 -0.1972 0.9556
vn 0.1726 -0.2251 -0.9589
vn 0.0623 -0.0227 0.9978
vn -0.0015 -0.0353 0.9994
vn 0.0543 -0.0495 0.9973
vn -0.0023 -0.0513 0.9987
vn -0.6311 0.4646 0.6212
vn 0.2293 0.9012 0.3679
vn 0.3547 0.8164 0.4557
vn 0.1133 0.9200 0.3751
vn 0.1081 0.9214 0.3734
vn 0.1094 0.9210 0.3738
vn 0.1147 0.9197 0.3754
vn 0.7549 -0.6210 -0.2109
vn 0.5663 -0.7612 -0.3160
vn -0.0135 0.9361 0.3516
vn 0.1601 0.9126 0.3762
vn 0.4932 -0.7759 -0.3933
vn 0.8099 -0.5347 -0.2411
vn 0.8100 -0.5345 -0.2413
vn 0.8099 -0.5346 -0.2412
vn -0.0900 0.8997 0.4272
vn -0.1690 0.8668 0.4691
vn -0.2752 0.6067 0.7457
vn -0.2752 0.6068 0.7457
vn -0.2752 0.6069 0.7456
vn -0.5099 0.5408 0.6690
vn -0.1754 0.8658 0.4685
vn -0.6953 -0.7150 0.0728
vn 0.3025 0.1655 0.9387
vn 0.3018 0.1716 0.9378
vn 0.3044 0.1489 0.9408
vn 0.2994 0.0631 0.9520
vn 0.3053 0.1408 0.9418
vn 0.5273 -0.7476 -0.4038
usemtl Default_OBJ.004
s 1
f 1/1/1 2/2/1 3/3/1
f 3/3/2 4/4/2 1/1/2
f 5/5/3 6/6/3 7/7/3
f 7/7/4 8/8/4 5/5/4
f 9/9/5 10/10/5 11/11/5
f 11/11/6 12/12/6 9/9/6
f 13/13/7 14/14/7 15/15/7
f 15/15/8 16/16/8 13/13/8
f 17/17/9 18/18/9 19/19/9
f 19/19/10 20/20/10 17/17/10
f 7/7/11 13/13/11 16/16/11
f 16/16/12 3/3/12 7/7/12
f 20/20/13 19/19/13 6/6/13
f 6/6/14 11/11/14 20/20/14
f 12/12/15 11/11/15 6/6/15
f 6/6/16 5/5/16 12/12/16
f 18/18/17 14/14/17 13/13/17
f 13/13/18 19/19/18 18/18/18
f 13/13/19 7/7/19 6/6/19
f 6/6/20 19/19/20 13/13/20
f 8/8/21 2/2/21 21/21/21
f 21/21/22 22/22/22 8/8/22
f 5/5/23 8/8/23 22/22/23
f 22/22/24 23/23/24 5/5/24
f 12/12/25 5/5/25 23/23/25
f 23/23/26 24/24/26 12/12/26
f 21/21/27 25/25/27 26/26/27
f 26/26/28 22/22/28 21/21/28
f 22/22/29 26/26/29 27/27/29
f 27/27/30 23/23/30 22/22/30
f 24/24/31 23/23/32 27/27/33
f 27/27/33 28/28/34 24/24/31
f 29/29/35 30/30/36 31/31/37
f 31/31/38 32/32/38 29/29/38
f 33/33/39 32/32/39 31/31/39
f 31/31/40 34/34/40 33/33/40
f 35/35/41 33/33/42 34/34/43
f 34/34/44 36/36/44 35/35/44
f 30/30/45 37/37/45 38/38/45
f 38/38/46 31/31/46 30/30/46
f 34/34/47 31/31/48 38/38/49
f 38/38/49 39/39/50 34/34/47
f 36/36/51 34/34/52 39/39/53
f 39/39/53 40/40/54 36/36/51
f 37/37/55 41/41/55 42/42/55
f 42/42/56 38/38/56 37/37/56
f 39/39/57 38/38/57 42/42/57
f 42/42/58 43/43/58 39/39/58
f 40/40/59 39/39/59 43/43/59
f 43/43/60 44/44/60 40/40/60
f 41/41/61 45/45/62 46/46/63
f 46/46/63 42/42/64 41/41/61
f 43/43/65 42/42/65 46/46/65
f 46/46/66 47/47/66 43/43/66
f 48/48/67 44/44/67 49/49/67
f 49/49/68 50/50/68 48/48/68
f 44/44/69 43/43/69 47/47/69
f 47/47/70 49/49/70 44/44/70
f 45/45/71 51/51/71 52/52/71
f 52/52/72 46/46/73 45/45/74
f 47/47/75 46/46/73 52/52/72
f 52/52/76 53/53/76 47/47/76
f 50/50/77 49/49/78 54/54/79
f 54/54/79 55/55/80 50/50/77
f 49/49/81 47/47/81 53/53/81
f 53/53/82 54/54/82 49/49/82
f 56/56/83 15/15/83 57/57/83
f 57/57/84 58/58/84 56/56/84
f 18/18/85 17/17/85 59/59/85
f 59/59/86 60/60/86 18/18/86
f 61/61/87 62/62/87 59/59/87
f 59/59/88 17/17/88 61/61/88
f 14/14/89 18/18/89 60/60/89
f 60/60/90 63/63/90 14/14/90
f 57/57/91 64/64/91 65/65/91
f 65/65/92 58/58/92 57/57/92
f 60/60/93 59/59/93 66/66/93
f 66/66/94 67/67/94 60/60/94
f 59/59/95 62/62/95 68/68/95
f 68/68/96 66/66/96 59/59/96
f 63/63/97 60/60/97 67/67/97
f 67/67/98 69/69/98 63/63/98
f 64/64/99 70/70/100 71/71/100
f 71/71/101 65/65/101 64/64/101
f 67/67/102 66/66/102 72/72/102
f 72/72/103 73/73/103 67/67/103
f 68/68/104 74/74/104 75/75/104
f 66/66/105 68/68/105 75/75/105
f 66/66/106 75/75/106 72/72/106
f 69/69/107 67/67/107 73/73/107
f 73/73/108 76/76/108 69/69/108
f 70/70/109 76/76/110 77/77/109
f 77/77/109 71/71/111 70/70/109
f 73/73/112 72/72/112 77/77/112
f 72/72/113 75/75/113 77/77/113
f 76/76/114 73/73/114 77/77/114
f 78/78/115 56/56/115 79/79/115
f 79/79/116 80/80/116 78/78/116
f 4/4/117 78/78/117 80/80/117
f 80/80/118 81/81/118 4/4/118
f 82/82/119 83/83/119 84/84/119
f 84/84/120 85/85/120 82/82/120
f 86/86/121 82/82/121 85/85/121
f 85/85/122 87/87/122 86/86/122
f 88/88/123 52/52/123 51/51/123
f 52/52/124 88/88/124 53/53/124
f 53/53/125 88/88/125 54/54/125
f 54/54/126 88/88/126 55/55/126
f 4/89/127 89/90/127 90/91/127
f 90/91/128 1/92/128 4/89/128
f 1/92/129 90/91/129 91/93/129
f 91/93/130 92/94/130 1/92/130
f 93/95/131 94/96/132 95/97/133
f 95/97/133 96/98/134 93/95/131
f 96/98/135 95/97/135 97/99/135
f 97/99/136 83/100/136 96/98/136
f 86/101/137 98/102/137 99/103/137
f 99/103/138 100/104/138 86/101/138
f 100/104/139 99/103/139 101/105/139
f 101/105/140 102/106/140 100/104/140
f 58/107/141 103/108/142 104/109/143
f 104/109/143 56/110/144 58/107/141
f 58/107/145 65/111/145 105/112/145
f 105/112/146 103/108/146 58/107/146
f 65/111/147 71/113/147 106/114/147
f 106/114/148 105/112/148 65/111/148
f 77/115/149 107/116/149 108/117/149
f 77/115/150 108/117/150 106/114/150
f 71/113/151 77/115/151 106/114/151
f 79/118/152 56/110/152 104/109/152
f 104/109/153 109/119/153 79/118/153
f 4/89/154 81/120/154 110/121/154
f 110/121/155 89/90/155 4/89/155
f 80/122/156 79/118/156 109/119/156
f 109/119/157 111/123/157 80/122/157
f 81/120/158 80/122/158 111/123/158
f 111/123/159 110/121/159 81/120/159
f 83/100/160 97/99/160 112/124/160
f 112/124/161 84/125/161 83/100/161
f 86/101/162 87/126/162 113/127/162
f 113/127/163 98/102/163 86/101/163
f 84/125/164 112/124/164 114/128/164
f 114/128/165 85/129/165 84/125/165
f 85/129/166 114/128/167 113/127/168
f 113/127/168 87/126/169 85/129/166
f 102/106/170 101/105/170 115/130/170
f 102/106/171 115/130/172 116/131/173
f 88/132/174 102/106/171 116/131/173
f 117/133/175 118/134/175 119/135/175
f 119/135/176 120/136/176 117/133/176
f 120/136/177 119/135/177 121/137/177
f 121/137/178 122/138/178 120/136/178
f 123/139/179 124/140/180 125/141/181
f 125/141/182 126/142/182 123/139/182
f 126/142/183 125/141/184 127/143/185
f 127/143/186 128/144/186 126/142/186
f 129/145/187 130/146/187 131/147/187
f 131/147/188 132/148/188 129/145/188
f 133/149/189 129/145/189 132/148/189
f 132/148/190 134/150/190 133/149/190
f 135/151/191 136/152/191 137/153/191
f 137/153/192 138/154/192 135/151/192
f 135/151/193 139/155/193 140/156/193
f 140/156/194 136/152/194 135/151/194
f 141/157/195 142/158/195 140/156/195
f 143/159/195 141/157/195 140/156/195
f 139/155/196 143/159/196 140/156/196
f 144/160/197 145/161/197 141/157/197
f 141/157/198 143/159/198 144/160/198
f 138/154/199 137/153/199 146/162/199
f 146/162/200 147/163/200 138/154/200
f 117/133/201 148/164/201 149/165/201
f 149/165/202 118/134/202 117/133/202
f 147/163/203 146/162/204 150/166/205
f 150/166/205 151/167/206 147/163/203
f 151/167/207 150/166/207 149/165/207
f 149/165/208 148/164/208 151/167/208
f 128/144/209 127/143/209 152/168/209
f 152/168/210 153/169/210 128/144/210
f 130/146/211 154/170/211 155/171/211
f 155/171/212 131/147/212 130/146/212
f 153/169/213 152/168/213 156/172/213
f 156/172/214 157/173/214 153/169/214
f 157/173/215 156/172/215 155/171/215
f 155/171/215 154/170/215 157/173/215
f 158/174/216 133/149/216 134/150/216
f 134/150/217 159/175/217 160/176/217
f 158/174/218 134/150/218 160/176/218
f 161/177/219 162/178/220 163/179/221
f 163/179/221 164/180/222 161/177/219
f 165/181/223 164/180/223 163/179/223
f 163/179/224 166/182/224 165/181/224
f 167/183/225 168/184/225 169/185/225
f 169/185/226 170/186/226 167/183/226
f 170/186/227 169/185/227 171/187/227
f 171/187/228 172/188/228 170/186/228
f 173/189/229 174/190/229 175/191/229
f 175/191/230 176/192/230 173/189/230
f 177/193/231 176/192/231 175/191/231
f 175/191/232 178/194/232 177/193/232
f 179/195/233 180/196/234 181/197/235
f 181/197/236 182/198/236 179/195/236
f 180/196/237 183/199/237 181/197/237
f 184/200/238 179/195/238 182/198/238
f 182/198/239 185/201/239 184/200/239
f 186/202/240 187/203/241 162/178/242
f 162/178/242 161/177/243 186/202/240
f 184/200/244 185/201/244 188/204/244
f 188/204/245 189/205/245 184/200/245
f 186/202/246 189/205/247 188/204/248
f 188/204/248 187/203/249 186/202/246
f 172/188/250 171/187/250 190/206/250
f 190/206/251 191/207/251 172/188/251
f 173/189/252 192/208/252 193/209/252
f 193/209/253 174/190/253 173/189/253
f 191/207/254 190/206/254 194/210/254
f 194/210/255 195/211/255 191/207/255
f 195/211/256 194/210/256 193/209/256
f 193/209/257 192/208/257 195/211/257
f 93/212/258 96/213/258 29/29/258
f 29/29/259 196/214/260 93/212/261
f 197/215/262 32/32/262 33/33/262
f 33/33/263 198/216/263 197/215/263
f 35/35/264 199/217/265 200/218/266
f 200/218/266 201/219/267 35/35/264
f 33/33/268 35/35/269 201/219/270
f 201/219/270 198/216/271 33/33/268
f 202/220/272 203/221/272 94/96/272
f 94/96/132 93/95/131 202/220/273
f 123/139/274 204/222/274 205/223/274
f 205/223/275 124/140/275 123/139/275
f 206/224/276 207/225/277 168/184/278
f 168/184/279 167/183/279 206/224/279
f 202/226/280 93/212/261 196/214/260
f 196/214/260 25/25/281 202/226/280
f 26/26/282 197/215/283 198/216/284
f 198/216/284 27/27/285 26/26/282
f 201/219/286 200/218/286 208/227/286
f 208/227/287 28/28/287 201/219/287
f 198/216/271 201/219/270 28/28/288
f 28/28/288 27/27/289 198/216/271
f 92/94/290 91/93/290 203/221/290
f 203/221/291 202/220/291 92/94/291
f 122/138/292 121/137/292 205/223/292
f 205/223/293 204/222/293 122/138/293
f 206/224/294 165/181/294 166/182/294
f 166/182/295 207/225/277 206/224/276
f 89/90/296 117/133/296 120/136/296
f 120/136/297 90/91/297 89/90/297
f 120/136/298 122/138/298 91/93/298
f 91/93/299 90/91/299 120/136/299
f 94/96/300 123/139/301 126/142/302
f 126/142/302 95/97/303 94/96/300
f 126/142/304 128/144/304 97/99/304
f 97/99/305 95/97/305 126/142/305
f 98/102/306 130/146/306 129/145/306
f 129/145/307 99/103/307 98/102/307
f 99/103/308 129/145/308 133/149/308
f 133/149/309 101/105/309 99/103/309
f 103/108/310 135/151/310 138/154/310
f 138/154/311 104/109/311 103/108/311
f 139/155/312 135/151/312 103/108/312
f 103/108/313 105/112/313 139/155/313
f 143/159/314 139/155/314 105/112/314
f 105/112/315 106/114/315 143/159/315
f 138/154/316 147/163/316 109/119/316
f 109/119/317 104/109/317 138/154/317
f 148/164/318 117/133/318 89/90/318
f 89/90/319 110/121/319 148/164/319
f 147/163/320 151/167/320 111/123/320
f 111/123/321 109/119/321 147/163/321
f 151/167/322 148/164/322 110/121/322
f 110/121/323 111/123/323 151/167/323
f 97/99/324 128/144/324 153/169/324
f 153/169/325 112/124/325 97/99/325
f 154/170/326 130/146/326 98/102/326
f 98/102/327 113/127/327 154/170/327
f 112/124/328 153/169/328 157/173/328
f 157/173/329 114/128/329 112/124/329
f 114/128/330 157/173/331 154/170/332
f 154/170/332 113/127/333 114/128/330
f 101/105/334 133/149/334 158/174/334
f 101/105/335 158/174/335 160/228/335
f 101/105/336 160/228/336 115/130/336
f 161/177/337 164/180/338 119/135/339
f 119/135/339 118/134/340 161/177/337
f 119/135/341 164/180/341 165/181/341
f 165/181/342 121/137/342 119/135/342
f 124/140/343 167/183/344 170/186/343
f 170/186/345 125/141/181 124/140/180
f 125/141/346 170/186/346 172/188/346
f 172/188/347 127/143/185 125/141/184
f 173/189/348 176/192/348 132/148/348
f 132/148/349 131/147/349 173/189/349
f 176/192/350 177/193/350 134/150/350
f 134/150/351 132/148/351 176/192/351
f 136/152/352 180/196/234 179/195/233
f 179/195/353 137/153/353 136/152/353
f 183/199/354 180/196/354 136/152/354
f 209/229/355 183/199/355 136/152/355
f 140/156/356 209/229/356 136/152/356
f 137/153/357 179/195/357 184/200/357
f 184/200/358 146/162/358 137/153/358
f 186/202/359 161/177/359 118/134/359
f 118/134/360 149/165/360 186/202/360
f 146/162/204 184/200/361 189/205/362
f 189/205/362 150/166/205 146/162/204
f 150/166/363 189/205/363 186/202/363
f 186/202/364 149/165/364 150/166/364
f 127/143/365 172/188/365 191/207/365
f 191/207/366 152/168/366 127/143/366
f 192/208/367 173/189/367 131/147/367
f 131/147/368 155/171/368 192/208/368
f 152/168/369 191/207/369 195/211/369
f 195/211/370 156/172/370 152/168/370
f 156/172/371 195/211/371 192/208/371
f 192/208/371 155/171/371 156/172/371
f 177/193/372 210/230/372 159/175/372
f 159/175/373 134/150/373 177/193/373
f 203/221/374 204/222/374 123/139/374
f 123/139/375 94/96/375 203/221/375
f 206/224/376 167/183/344 124/140/343
f 124/140/377 205/223/377 206/224/377
f 122/138/378 204/222/378 203/221/378
f 203/221/379 91/93/379 122/138/379
f 121/137/380 165/181/380 206/224/380
f 206/224/381 205/223/381 121/137/381
f 8/8/382 7/7/382 3/3/382
f 3/3/383 2/2/383 8/8/383
f 56/56/384 78/78/384 16/16/384
f 16/16/385 15/15/385 56/56/385
f 78/78/386 4/4/386 3/3/386
f 3/3/387 16/16/387 78/78/387
f 1/1/388 92/231/388 21/21/388
f 21/21/389 2/2/389 1/1/389
f 92/231/390 202/226/390 25/25/390
f 25/25/391 21/21/391 92/231/391
f 29/29/392 96/213/392 83/83/392
f 83/83/393 30/30/36 29/29/35
f 83/83/394 82/82/394 37/37/394
f 37/37/395 30/30/395 83/83/395
f 82/82/396 86/86/396 41/41/396
f 41/41/397 37/37/397 82/82/397
f 86/86/398 100/232/399 45/45/62
f 45/45/62 41/41/61 86/86/398
f 100/232/400 102/233/400 51/51/400
f 51/51/401 45/45/402 100/232/403
f 15/15/404 14/14/404 63/63/404
f 63/63/405 57/57/405 15/15/405
f 63/63/406 69/69/406 64/64/406
f 64/64/407 57/57/407 63/63/407
f 64/64/408 69/69/408 76/76/408
f 76/76/99 70/70/100 64/64/99
f 32/32/409 197/215/409 196/214/409
f 196/214/410 29/29/410 32/32/410
f 197/215/411 26/26/411 25/25/411
f 25/25/281 196/214/260 197/215/412
f 51/51/413 102/233/413 88/88/413
f 61/61/414 17/17/414 20/20/414
f 20/20/415 211/234/415 61/61/415
f 211/234/416 20/20/417 11/11/418
f 11/11/418 10/10/419 211/234/416
f 12/12/420 24/24/420 212/235/420
f 212/235/421 9/9/421 12/12/421
f 212/235/422 24/24/422 28/28/422
f 28/28/423 208/227/423 212/235/423
f 35/35/424 36/36/424 213/236/424
f 213/236/425 199/217/425 35/35/425
f 36/36/426 40/40/426 214/237/426
f 214/237/427 213/236/427 36/36/427
f 44/44/428 48/48/429 215/238/430
f 40/40/431 44/44/431 215/238/431
f 214/237/432 40/40/432 215/238/432
f 210/230/433 177/193/433 178/194/433
f 144/160/434 143/159/434 106/114/434
f 145/161/435 144/160/436 106/114/437
f 145/161/435 106/114/437 108/117/438
f 209/229/439 140/156/439 142/158/439
f 216/239/440 217/240/440 218/241/440
f 218/241/441 219/242/441 216/239/441
f 220/243/442 221/244/442 222/245/442
f 222/245/443 223/246/443 220/243/443
f 9/9/444 224/247/444 225/248/444
f 225/248/445 10/10/445 9/9/445
f 226/249/446 227/250/446 228/251/446
f 228/251/447 229/252/447 226/249/447
f 230/253/448 231/254/448 232/255/448
f 232/255/449 233/256/449 230/253/449
f 222/245/450 218/241/450 227/250/450
f 227/250/451 226/249/451 222/245/451
f 231/254/452 225/248/452 223/246/452
f 223/246/453 232/255/453 231/254/453
f 224/247/454 220/243/454 223/246/454
f 223/246/455 225/248/455 224/247/455
f 233/256/456 232/255/456 226/249/456
f 226/249/457 229/252/457 233/256/457
f 226/249/458 232/255/458 223/246/458
f 223/246/459 222/245/459 226/249/459
f 221/244/460 234/257/460 235/258/460
f 235/258/461 219/242/461 221/244/461
f 220/243/462 236/259/462 234/257/462
f 234/257/463 221/244/463 220/243/463
f 224/247/464 237/260/464 236/259/464
f 236/259/465 220/243/465 224/247/465
f 235/258/466 234/257/466 238/261/466
f 238/261/467 239/262/467 235/258/467
f 234/257/468 236/259/468 240/263/468
f 240/263/469 238/261/469 234/257/469
f 237/260/470 241/264/471 240/263/472
f 240/263/472 236/259/473 237/260/470
f 242/265/474 243/266/474 244/267/474
f 244/267/475 245/268/476 242/265/477
f 246/269/478 247/270/478 244/267/478
f 244/267/479 243/266/479 246/269/479
f 248/271/480 249/272/481 247/270/482
f 247/270/483 246/269/483 248/271/484
f 245/268/485 244/267/485 250/273/485
f 250/273/486 251/274/486 245/268/486
f 247/270/487 252/275/488 250/273/489
f 250/273/489 244/267/490 247/270/487
f 249/272/491 253/276/492 252/275/493
f 252/275/493 247/270/494 249/272/491
f 251/274/495 250/273/495 254/277/495
f 254/277/496 255/278/496 251/274/496
f 252/275/497 256/279/497 254/277/497
f 254/277/498 250/273/498 252/275/498
f 253/276/499 257/280/499 256/279/499
f 256/279/500 252/275/500 253/276/500
f 255/278/501 254/277/502 258/281/503
f 258/281/503 259/282/504 255/278/501
f 256/279/505 260/283/505 258/281/505
f 258/281/506 254/277/506 256/279/506
f 48/48/507 50/50/507 261/284/507
f 261/284/508 257/280/508 48/48/508
f 257/280/509 261/284/509 260/283/509
f 260/283/510 256/279/510 257/280/510
f 259/282/511 258/281/512 262/285/513
f 262/285/514 263/286/514 259/282/514
f 260/283/515 264/287/515 262/285/515
f 262/285/513 258/281/512 260/283/516
f 50/50/517 55/55/518 265/288/519
f 265/288/519 261/284/520 50/50/517
f 261/284/521 265/288/521 264/287/521
f 264/287/522 260/283/522 261/284/522
f 266/289/523 267/290/523 268/291/523
f 268/291/524 228/251/524 266/289/524
f 233/256/525 269/292/525 270/293/525
f 270/293/526 230/253/526 233/256/526
f 61/61/527 230/253/527 270/293/527
f 270/293/528 62/62/528 61/61/528
f 229/252/529 271/294/529 269/292/529
f 269/292/530 233/256/530 229/252/530
f 268/291/531 267/290/531 272/295/531
f 272/295/532 273/296/532 268/291/532
f 269/292/533 274/297/533 275/298/533
f 275/298/534 270/293/534 269/292/534
f 270/293/535 275/298/535 68/68/535
f 68/68/536 62/62/536 270/293/536
f 271/294/537 276/299/537 274/297/537
f 274/297/538 269/292/538 271/294/538
f 273/296/539 272/295/539 277/300/539
f 277/300/540 278/301/540 273/296/541
f 274/297/542 279/302/542 280/303/542
f 280/303/543 275/298/543 274/297/543
f 275/298/544 280/303/544 75/75/544
f 275/298/545 75/75/545 68/68/545
f 276/299/546 281/304/546 279/302/546
f 279/302/547 274/297/547 276/299/547
f 278/301/548 277/300/549 77/77/550
f 77/77/550 281/304/551 278/301/548
f 279/302/552 77/77/552 280/303/552
f 280/303/553 77/77/553 75/75/553
f 281/304/554 77/77/554 279/302/554
f 282/305/555 283/306/555 284/307/555
f 284/307/556 266/289/556 282/305/556
f 217/240/557 285/308/557 283/306/557
f 283/306/558 282/305/558 217/240/558
f 286/309/559 287/310/559 288/311/559
f 288/311/560 289/312/560 286/309/560
f 290/313/561 291/314/561 287/310/561
f 287/310/562 286/309/562 290/313/562
f 88/88/563 263/286/563 262/285/563
f 262/285/564 264/287/564 88/88/564
f 264/287/565 265/288/565 88/88/565
f 265/288/566 55/55/566 88/88/566
f 217/315/567 216/316/567 292/317/567
f 292/317/568 293/318/568 217/315/568
f 216/316/569 294/319/569 295/320/569
f 295/320/570 292/317/570 216/316/570
f 296/321/571 297/322/572 298/323/573
f 298/323/573 299/324/574 296/321/571
f 297/322/575 289/325/575 300/326/575
f 300/326/576 298/323/576 297/322/576
f 290/327/577 301/328/577 302/329/577
f 302/329/578 303/330/578 290/327/578
f 301/328/579 304/331/579 305/332/579
f 305/332/580 302/329/580 301/328/580
f 267/333/581 266/334/582 306/335/583
f 306/335/583 307/336/584 267/333/581
f 267/333/585 307/336/585 308/337/585
f 308/337/586 272/338/586 267/333/586
f 272/338/587 308/337/587 309/339/587
f 309/339/588 277/340/588 272/338/588
f 309/339/589 108/117/589 77/115/589
f 277/340/590 309/339/590 77/115/590
f 284/341/591 310/342/591 306/335/591
f 306/335/592 266/334/592 284/341/592
f 217/315/593 293/318/593 311/343/593
f 311/343/594 285/344/594 217/315/594
f 283/345/595 312/346/595 310/342/595
f 310/342/596 284/341/596 283/345/596
f 285/344/597 311/343/597 312/346/597
f 312/346/598 283/345/598 285/344/598
f 289/325/599 288/347/599 313/348/599
f 313/348/600 300/326/600 289/325/600
f 290/327/601 303/330/601 314/349/601
f 314/349/602 291/350/602 290/327/602
f 288/347/603 287/351/603 315/352/603
f 315/352/604 313/348/604 288/347/604
f 287/351/605 291/350/606 314/349/607
f 314/349/607 315/352/608 287/351/605
f 115/130/609 305/332/609 304/331/609
f 116/131/610 115/130/611 304/331/612
f 88/132/613 116/131/610 304/331/612
f 316/353/614 317/354/614 318/355/614
f 318/355/615 319/356/615 316/353/615
f 317/354/616 320/357/616 321/358/616
f 321/358/617 318/355/617 317/354/617
f 322/359/618 323/360/618 324/361/618
f 324/361/619 325/362/620 322/359/621
f 323/360/622 326/363/622 327/364/622
f 327/364/623 324/361/624 323/360/625
f 328/365/626 329/366/626 330/367/626
f 330/367/627 331/368/627 328/365/627
f 332/369/628 333/370/628 329/366/628
f 329/366/629 328/365/629 332/369/629
f 334/371/630 335/372/630 336/373/630
f 336/373/631 337/374/631 334/371/631
f 334/371/632 337/374/632 338/375/632
f 338/375/633 339/376/633 334/371/633
f 338/375/634 142/158/634 141/157/634
f 338/375/634 141/157/634 340/377/634
f 339/376/635 338/375/635 340/377/635
f 341/378/636 340/377/636 141/157/636
f 141/157/637 145/161/637 341/378/637
f 335/372/638 342/379/638 343/380/638
f 343/380/639 336/373/639 335/372/639
f 316/353/640 319/356/640 344/381/640
f 344/381/641 345/382/641 316/353/641
f 342/379/642 346/383/643 347/384/644
f 347/384/644 343/380/645 342/379/642
f 346/383/646 345/382/646 344/381/646
f 344/381/647 347/384/647 346/383/647
f 326/363/648 348/385/648 349/386/648
f 349/386/649 327/364/649 326/363/649
f 331/368/650 330/367/650 350/387/650
f 350/387/651 351/388/651 331/368/651
f 348/385/652 352/389/652 353/390/652
f 353/390/653 349/386/653 348/385/653
f 352/389/654 351/388/655 350/387/655
f 350/387/655 353/390/654 352/389/654
f 160/176/656 159/175/656 333/370/656
f 354/391/657 160/176/657 333/370/657
f 354/391/658 333/370/658 332/369/658
f 355/392/659 356/393/660 163/179/661
f 163/179/661 162/178/662 355/392/659
f 357/394/663 166/182/663 163/179/663
f 163/179/664 356/393/664 357/394/664
f 358/395/665 359/396/665 169/185/665
f 169/185/666 168/184/666 358/395/666
f 359/396/667 360/397/667 171/187/667
f 171/187/668 169/185/668 359/396/668
f 361/398/669 362/399/669 175/191/669
f 175/191/670 174/190/670 361/398/670
f 363/400/671 178/194/671 175/191/671
f 175/191/672 362/399/672 363/400/672
f 364/401/673 182/198/673 181/197/673
f 181/197/674 365/402/675 364/401/676
f 365/402/677 181/197/677 183/199/677
f 366/403/678 185/201/678 182/198/678
f 182/198/679 364/401/679 366/403/679
f 367/404/680 355/392/681 162/178/682
f 162/178/682 187/203/683 367/404/680
f 366/403/684 368/405/684 188/204/684
f 188/204/685 185/201/685 366/403/685
f 367/404/686 187/203/687 188/204/688
f 188/204/688 368/405/689 367/404/686
f 360/397/690 369/406/690 190/206/690
f 190/206/691 171/187/691 360/397/691
f 361/398/692 174/190/692 193/209/692
f 193/209/693 370/407/693 361/398/693
f 369/406/694 371/408/694 194/210/694
f 194/210/695 190/206/695 369/406/695
f 371/408/696 370/407/696 193/209/696
f 193/209/697 194/210/697 371/408/697
f 296/409/698 372/410/699 242/265/700
f 242/265/701 297/411/701 296/409/701
f 373/412/702 374/413/702 246/269/702
f 246/269/703 243/266/703 373/412/703
f 248/271/704 375/414/705 200/218/706
f 200/218/706 199/217/707 248/271/704
f 246/269/708 374/413/709 375/414/710
f 375/414/710 248/271/711 246/269/708
f 376/415/712 296/321/571 299/324/574
f 299/324/713 377/416/713 376/415/713
f 322/359/714 325/362/714 378/417/714
f 378/417/715 379/418/715 322/359/715
f 380/419/716 358/395/716 168/184/716
f 168/184/717 207/225/718 380/419/719
f 376/420/720 239/262/721 372/410/699
f 372/410/699 296/409/698 376/420/720
f 238/261/722 240/263/723 374/413/724
f 374/413/724 373/412/725 238/261/722
f 375/414/726 241/264/726 208/227/726
f 208/227/727 200/218/727 375/414/727
f 374/413/709 240/263/728 241/264/729
f 241/264/729 375/414/710 374/413/709
f 294/319/730 376/415/730 377/416/730
f 377/416/731 295/320/731 294/319/731
f 320/357/732 379/418/732 378/417/732
f 378/417/733 321/358/733 320/357/733
f 380/419/719 207/225/718 166/182/734
f 166/182/735 357/394/735 380/419/735
f 293/318/736 292/317/736 317/354/736
f 317/354/737 316/353/737 293/318/737
f 317/354/738 292/317/738 295/320/738
f 295/320/739 320/357/739 317/354/739
f 299/324/740 298/323/741 323/360/742
f 323/360/742 322/359/743 299/324/740
f 323/360/744 298/323/744 300/326/744
f 300/326/745 326/363/745 323/360/745
f 303/330/746 302/329/746 328/365/746
f 328/365/747 331/368/747 303/330/747
f 302/329/748 305/332/749 332/369/750
f 332/369/751 328/365/751 302/329/751
f 307/336/752 306/335/752 335/372/752
f 335/372/753 334/371/753 307/336/753
f 339/376/754 308/337/754 307/336/754
f 307/336/755 334/371/755 339/376/755
f 340/377/756 309/339/756 308/337/756
f 308/337/757 339/376/757 340/377/757
f 335/372/758 306/335/758 310/342/758
f 310/342/759 342/379/759 335/372/759
f 345/382/760 311/343/760 293/318/760
f 293/318/761 316/353/761 345/382/761
f 342/379/762 310/342/762 312/346/762
f 312/346/763 346/383/763 342/379/763
f 346/383/764 312/346/764 311/343/764
f 311/343/765 345/382/765 346/383/765
f 300/326/766 313/348/766 348/385/766
f 348/385/767 326/363/767 300/326/767
f 351/388/768 314/349/768 303/330/768
f 303/330/769 331/368/769 351/388/769
f 313/348/770 315/352/770 352/389/770
f 352/389/771 348/385/771 313/348/771
f 315/352/772 314/349/773 351/388/774
f 351/388/774 352/389/775 315/352/772
f 305/332/776 115/130/776 160/228/776
f 305/332/777 160/228/777 354/391/777
f 305/332/778 354/391/778 332/369/778
f 355/392/779 319/356/780 318/355/781
f 318/355/781 356/393/782 355/392/779
f 318/355/783 321/358/783 357/394/783
f 357/394/784 356/393/784 318/355/784
f 325/362/620 324/361/619 359/396/785
f 359/396/786 358/395/787 325/362/786
f 324/361/624 327/364/623 360/397/788
f 360/397/789 359/396/789 324/361/789
f 361/398/790 330/367/790 329/366/790
f 329/366/791 362/399/791 361/398/791
f 362/399/792 329/366/792 333/370/792
f 333/370/793 363/400/793 362/399/793
f 337/374/794 336/373/794 364/401/794
f 364/401/676 365/402/675 337/374/795
f 337/374/796 365/402/796 183/199/796
f 337/374/797 183/199/797 209/229/797
f 338/375/798 337/374/798 209/229/798
f 336/373/799 343/380/799 366/403/799
f 366/403/800 364/401/800 336/373/800
f 367/404/801 344/381/801 319/356/801
f 319/356/802 355/392/802 367/404/802
f 343/380/645 347/384/644 368/405/803
f 368/405/803 366/403/804 343/380/645
f 347/384/805 344/381/805 367/404/805
f 367/404/806 368/405/806 347/384/806
f 327/364/807 349/386/807 369/406/807
f 369/406/808 360/397/808 327/364/808
f 370/407/809 350/387/809 330/367/809
f 330/367/810 361/398/810 370/407/810
f 349/386/811 353/390/811 371/408/811
f 371/408/812 369/406/812 349/386/812
f 353/390/813 350/387/813 370/407/813
f 370/407/813 371/408/813 353/390/813
f 363/400/814 333/370/814 159/175/814
f 159/175/815 210/230/815 363/400/815
f 377/416/816 299/324/816 322/359/816
f 322/359/817 379/418/817 377/416/817
f 380/419/818 378/417/818 325/362/818
f 325/362/786 358/395/787 380/419/819
f 320/357/820 295/320/820 377/416/820
f 377/416/821 379/418/821 320/357/821
f 321/358/822 378/417/822 380/419/822
f 380/419/823 357/394/823 321/358/823
f 221/244/824 219/242/824 218/241/824
f 218/241/825 222/245/825 221/244/825
f 266/289/826 228/251/826 227/250/826
f 227/250/827 282/305/827 266/289/827
f 282/305/828 227/250/828 218/241/828
f 218/241/829 217/240/829 282/305/829
f 216/239/830 219/242/830 235/258/830
f 235/258/831 294/421/831 216/239/831
f 294/421/832 235/258/832 239/262/832
f 239/262/833 376/420/833 294/421/833
f 242/265/477 245/268/476 289/312/834
f 289/312/835 297/411/835 242/265/835
f 289/312/836 245/268/836 251/274/836
f 251/274/837 286/309/837 289/312/837
f 286/309/838 251/274/838 255/278/838
f 255/278/839 290/313/839 286/309/839
f 290/313/840 255/278/501 259/282/504
f 259/282/504 301/422/841 290/313/840
f 301/422/842 259/282/843 263/286/844
f 263/286/845 304/423/845 301/422/845
f 228/251/846 268/291/846 271/294/846
f 271/294/847 229/252/847 228/251/847
f 271/294/848 268/291/848 273/296/848
f 273/296/849 276/299/849 271/294/849
f 273/296/541 278/301/540 281/304/541
f 281/304/850 276/299/850 273/296/850
f 243/266/851 242/265/851 372/410/851
f 372/410/852 373/412/852 243/266/852
f 373/412/853 372/410/699 239/262/721
f 239/262/854 238/261/854 373/412/854
f 263/286/855 88/88/855 304/423/855
f 61/61/856 211/234/856 231/254/856
f 231/254/857 230/253/857 61/61/857
f 211/234/858 10/10/859 225/248/860
f 225/248/860 231/254/861 211/234/858
f 224/247/862 9/9/862 212/235/862
f 212/235/863 237/260/863 224/247/863
f 212/235/864 208/227/864 241/264/864
f 241/264/865 237/260/865 212/235/865
f 248/271/866 199/217/866 213/236/866
f 213/236/867 249/272/868 248/271/869
f 249/272/870 213/236/870 214/237/870
f 214/237/871 253/276/871 249/272/871
f 215/238/872 48/48/873 257/280/874
f 215/238/875 257/280/875 253/276/875
f 214/237/876 215/238/876 253/276/876
f 210/230/877 178/194/877 363/400/877
f 145/161/878 108/117/879 309/339/880
f 309/339/881 340/377/881 341/378/881
f 145/161/878 309/339/880 341/378/882
f 209/229/883 142/158/883 338/375/883
